8 0.45546875 0.3640625 0.0140625 0.04609375
8 0.52421875 0.3890625 0.00859375 0.03828125
8 0.56015625 0.3953125 0.00859375 0.0328125
8 0.34140625 0.33125 0.0140625 0.0421875
8 0.41875 0.353125 0.01171875 0.0421875
8 0.38125 0.34375 0.01015625 0.04453125
8 0.4921875 0.37890625 0.009375 0.0484375
1 0.7 0.5046875 0.03828125 0.11953125
8 0.4359375 0.00859375 0.00703125 0.0171875
8 0.484375 0.00390625 0.0171875 0.0078125
8 0.54453125 0.0125 0.0125 0.02421875
8 0.58984375 0.01484375 0.0140625 0.0296875
8 0.5890625 0.4109375 0.00703125 0.04375