3 0.1484375 0.55859375 0.02421875 0.14375
3 0.07578125 0.5046875 0.02578125 0.08515625
1 0.60078125 0.65703125 0.05 0.19140625
8 0.93828125 0.65390625 0.06171875 0.22109375
8 0.7671875 0.6296875 0.06328125 0.19921875
8 0.10234375 0.63359375 0.05 0.18203125
3 0.19453125 0.5546875 0.02265625 0.15625
8 0.25859375 0.6203125 0.0359375 0.2203125
3 0.01171875 0.54765625 0.0203125 0.15546875
8 0.4015625 0.63515625 0.02578125 0.19765625
3 0.1171875 0.54765625 0.0234375 0.14921875
3 0.04765625 0.475 0.01953125 0.0359375
3 0.05546875 0.56328125 0.01953125 0.12421875
3 0.17578125 0.48984375 0.015625 0.05703125
3 0.175 0.57578125 0.015625 0.1125