1 0.678125 0.38203125 0.0625 0.20703125
8 0.30390625 0.45546875 0.02578125 0.1265625
8 0.2546875 0.49375 0.0140625 0.05546875
8 0.47265625 0.4453125 0.034375 0.1015625
8 0.52890625 0.4953125 0.01484375 0.06484375
8 0.3390625 0.4953125 0.0140625 0.0625
8 0.3828125 0.4453125 0.0265625 0.1078125
8 0.57734375 0.48828125 0.01171875 0.05234375
8 0.55859375 0.44609375 0.0265625 0.11171875
8 0.43125 0.49453125 0.01484375 0.0671875
8 0.478125 0.515625 0.0109375 0.03671875
8 0.38125 0.51328125 0.01328125 0.0296875