3 0.57578125 0.57109375 0.02578125 0.15
3 0.359375 0.59453125 0.02109375 0.11796875
8 0.73671875 0.628125 0.03671875 0.14609375
3 0.26171875 0.59609375 0.025 0.14296875
3 0.2109375 0.59375 0.02265625 0.15703125
8 0.9203125 0.58671875 0.0265625 0.14609375
8 0.496875 0.653125 0.0328125 0.18671875
8 0.83046875 0.60390625 0.0375 0.15078125
3 0.43359375 0.57109375 0.02578125 0.14296875
3 0.29921875 0.58828125 0.01953125 0.1546875
1 0.37734375 0.703125 0.03125 0.15546875
8 0.1796875 0.6984375 0.0515625 0.22578125
8 0.61953125 0.63359375 0.02890625 0.18828125
3 0.40546875 0.57421875 0.02265625 0.1453125
3 0.80859375 0.50546875 0.01953125 0.04296875
3 0.23046875 0.5265625 0.02265625 0.053125
3 0.31953125 0.58359375 0.02265625 0.15859375
8 0.98828125 0.58671875 0.02109375 0.125
3 0.37421875 0.5109375 0.01875 0.04140625