3 0.18125 0.53125 0.02421875 0.0625
3 0.52109375 0.5890625 0.02109375 0.15625
8 0.08046875 0.61640625 0.03984375 0.17578125
3 0.4734375 0.59375 0.02578125 0.14375
8 0.96953125 0.71953125 0.06015625 0.24921875
8 0.18671875 0.64296875 0.0390625 0.15859375
1 0.575 0.69921875 0.04140625 0.17265625
3 0.440625 0.5375 0.021875 0.0671875
8 0.78125 0.6953125 0.04921875 0.228125
8 0.31640625 0.64140625 0.0296875 0.20390625
3 0.39609375 0.575 0.02578125 0.16015625
8 0.44453125 0.66875 0.03671875 0.19453125
3 0.3421875 0.575 0.02109375 0.15625
3 0.36328125 0.58984375 0.01953125 0.1234375
3 0.49921875 0.52421875 0.01953125 0.0546875
3 0.50078125 0.6109375 0.01484375 0.11015625
3 0.31875 0.51875 0.01953125 0.0359375
3 0.4203125 0.575 0.0171875 0.15390625