1 0.6578125 0.6390625 0.03359375 0.17578125
3 0.16484375 0.490625 0.021875 0.06796875
8 0.04921875 0.590625 0.05859375 0.18671875
8 0.1734375 0.60859375 0.04765625 0.171875
8 0.8109375 0.625 0.046875 0.21640625
3 0.24453125 0.52734375 0.025 0.15234375
3 0.0109375 0.534375 0.021875 0.16015625
8 0.9734375 0.625 0.053125 0.20078125
8 0.4828125 0.61328125 0.05859375 0.203125
8 0.3265625 0.6046875 0.04375 0.2
3 0.36015625 0.540625 0.02109375 0.14921875
3 0.26875 0.5296875 0.0171875 0.15078125
3 0.18515625 0.53125 0.0203125 0.14375
3 0.21953125 0.46796875 0.015625 0.0421875
3 0.34140625 0.4765625 0.01640625 0.0546875
3 0.31484375 0.4890625 0.0203125 0.03125
3 0.28671875 0.5359375 0.01796875 0.14921875
3 0.20546875 0.546875 0.015625 0.1203125
3 0.22265625 0.5484375 0.01640625 0.11953125
3 0.203125 0.4671875 0.01484375 0.034375