3 0.07734375 0.60703125 0.03359375 0.1890625
3 0.04765625 0.61015625 0.02578125 0.16640625
3 0.17109375 0.59765625 0.02578125 0.165625
8 0.79609375 0.61875 0.03828125 0.14296875
3 0.21328125 0.59296875 0.0328125 0.15625
8 0.5578125 0.64765625 0.05 0.1765625
8 0.97578125 0.58046875 0.0328125 0.1484375
8 0.88203125 0.59296875 0.03984375 0.15625
1 0.42109375 0.68515625 0.04453125 0.1609375
8 0.68046875 0.62421875 0.03046875 0.1734375
3 0.13671875 0.61640625 0.02109375 0.13671875
3 0.6640625 0.55859375 0.0265625 0.146875
3 0.1375 0.52421875 0.01953125 0.04140625
8 0.2546875 0.68828125 0.05703125 0.20859375
3 0.1140625 0.61015625 0.02578125 0.171875
3 0.3625 0.58984375 0.028125 0.165625