1 0.63828125 0.63984375 0.06875 0.16171875
8 0.48046875 0.57109375 0.0203125 0.09765625
8 0.3234375 0.57265625 0.02578125 0.1046875
8 0.40625 0.57578125 0.028125 0.09296875
8 0.446875 0.52578125 0.01328125 0.06875
8 0.3625 0.52734375 0.01484375 0.06015625
8 0.53828125 0.53671875 0.01015625 0.05
8 0.28671875 0.52890625 0.0109375 0.05703125
8 0.55625 0.5640625 0.02109375 0.1015625
8 0.5875 0.52890625 0.009375 0.053125
8 0.496875 0.52890625 0.0109375 0.0625
8 0.40390625 0.51171875 0.01015625 0.03125