3 0.24921875 0.43671875 0.02421875 0.13359375
3 0.29453125 0.44140625 0.0203125 0.1453125
8 0.81640625 0.36875 0.0390625 0.20703125
1 0.64765625 0.3453125 0.034375 0.13671875
8 0.04375 0.39453125 0.040625 0.2
8 0.18046875 0.36796875 0.040625 0.1671875
8 0.475 0.37109375 0.04453125 0.20703125
3 0.10078125 0.45 0.021875 0.146875
8 0.328125 0.378125 0.03046875 0.2125
3 0.18125 0.48671875 0.021875 0.07734375
8 0.9765625 0.37109375 0.04609375 0.18359375
3 0.221875 0.44375 0.0203125 0.15546875
3 0.1421875 0.43359375 0.01796875 0.12109375
3 0.1578125 0.5140625 0.01796875 0.0359375
3 0.2765625 0.42109375 0.015625 0.1078125
3 0.27578125 0.503125 0.01875 0.05234375
3 0.1609375 0.43515625 0.01875 0.12421875
3 0.121875 0.4484375 0.01953125 0.1453125
3 0.20234375 0.44765625 0.01640625 0.15625