1 0.7046875 0.5328125 0.034375 0.14375
8 0.3890625 0.9140625 0.015625 0.0703125
8 0.4453125 0.91875 0.02421875 0.053125
8 0.51015625 0.9078125 0.01953125 0.0578125
8 0.56328125 0.9015625 0.0140625 0.059375
8 0.3953125 0.5625 0.01328125 0.0625
8 0.353125 0.565625 0.00625 0.046875
8 0.434375 0.553125 0.01171875 0.05234375
8 0.4765625 0.5375 0.00703125 0.05859375
8 0.51328125 0.53515625 0.0078125 0.04921875
8 0.5515625 0.528125 0.0078125 0.04765625
8 0.58515625 0.5171875 0.01171875 0.05859375
8 0.62421875 0.50859375 0.00859375 0.05390625