8 0.34296875 0.796875 0.01875 0.0984375
8 0.5734375 0.790625 0.02421875 0.09140625
8 0.50625 0.79140625 0.021875 0.0921875
8 0.4203125 0.79375 0.02421875 0.109375
1 0.6609375 0.640625 0.04140625 0.1671875
8 0.2625 0.7953125 0.02109375 0.1046875
8 0.4234375 0.5640625 0.0125 0.05859375
8 0.37890625 0.5671875 0.0109375 0.071875
8 0.28125 0.58125 0.01328125 0.0625
8 0.51015625 0.5546875 0.01015625 0.05625
8 0.33046875 0.5765625 0.01640625 0.0625
8 0.46875 0.565625 0.01015625 0.04921875
8 0.55703125 0.54921875 0.00859375 0.06484375