3 0.875 0.55078125 0.025 0.13671875
3 0.59921875 0.5640625 0.02421875 0.13125
3 0.7390625 0.55078125 0.0234375 0.1296875
8 0.80859375 0.61953125 0.04765625 0.15625
8 0.9171875 0.59921875 0.04609375 0.16953125
8 0.240625 0.6484375 0.05546875 0.20390625
1 0.3921875 0.6609375 0.03828125 0.1640625
8 0.6828125 0.61640625 0.0421875 0.1890625
8 0.07578125 0.65625 0.0484375 0.21015625
3 0.62890625 0.55625 0.0203125 0.14140625
8 0.54453125 0.62890625 0.04765625 0.18203125
3 0.66875 0.5484375 0.02109375 0.14296875
3 0.575 0.50390625 0.01875 0.05078125
3 0.69140625 0.49140625 0.0203125 0.03515625