3 0.36484375 0.4640625 0.02578125 0.15625
8 0.01015625 0.4453125 0.0203125 0.153125
8 0.19453125 0.40625 0.0359375 0.146875
1 0.575 0.34296875 0.04765625 0.175
8 0.10390625 0.43046875 0.03515625 0.1609375
8 0.75859375 0.33125 0.05 0.215625
3 0.540625 0.45859375 0.02421875 0.15234375
8 0.44140625 0.375 0.046875 0.1859375
8 0.31328125 0.4 0.03203125 0.1921875
3 0.68828125 0.43359375 0.025 0.1484375
3 0.5125 0.4625 0.02421875 0.1546875
8 0.9453125 0.3078125 0.0578125 0.23671875
3 0.73671875 0.43671875 0.02109375 0.1703125
3 0.12421875 0.5328125 0.02109375 0.04765625
3 0.5953125 0.48203125 0.02109375 0.11953125
3 0.56484375 0.4421875 0.02265625 0.128125
3 0.64375 0.45 0.02578125 0.16484375
3 0.57265625 0.52578125 0.02265625 0.04375