3 0.07265625 0.6109375 0.034375 0.19296875
3 0.0421875 0.61328125 0.02578125 0.1703125
3 0.16796875 0.60078125 0.0265625 0.16953125
8 0.80703125 0.621875 0.0390625 0.1453125
3 0.21171875 0.59609375 0.03359375 0.159375
8 0.56328125 0.6515625 0.05078125 0.18046875
8 0.98671875 0.5828125 0.0265625 0.1515625
8 0.89453125 0.59609375 0.040625 0.159375
1 0.4234375 0.68984375 0.04609375 0.16484375
8 0.68828125 0.628125 0.03046875 0.1765625
3 0.1328125 0.6203125 0.02109375 0.13984375
3 0.671875 0.5609375 0.02734375 0.15
3 0.134375 0.52578125 0.01953125 0.0421875
8 0.25390625 0.69296875 0.0578125 0.2125
3 0.11015625 0.61328125 0.0265625 0.17578125
3 0.36328125 0.59296875 0.02890625 0.16953125