1 0.64609375 0.3734375 0.0671875 0.1578125
8 0.49140625 0.440625 0.0203125 0.0953125
8 0.3375 0.43984375 0.025 0.10234375
8 0.41953125 0.43671875 0.02734375 0.090625
8 0.45859375 0.48515625 0.01328125 0.0671875
8 0.37578125 0.48359375 0.01484375 0.05859375
8 0.5484375 0.47421875 0.01015625 0.04921875
8 0.30234375 0.4828125 0.0109375 0.05546875
8 0.565625 0.44765625 0.02109375 0.09921875
8 0.59609375 0.4828125 0.009375 0.05234375
8 0.5078125 0.4828125 0.01015625 0.0609375
8 0.41640625 0.4984375 0.01015625 0.03046875