3 0.41640625 0.41640625 0.0265625 0.15390625
3 0.63828125 0.3921875 0.021875 0.12109375
8 0.25078125 0.35859375 0.0375 0.15
3 0.7390625 0.390625 0.02578125 0.14609375
3 0.79140625 0.39375 0.02265625 0.16171875
8 0.0625 0.4 0.02734375 0.15
8 0.496875 0.3328125 0.03359375 0.1921875
8 0.1546875 0.3828125 0.03828125 0.1546875
3 0.56171875 0.41640625 0.0265625 0.14609375
3 0.7 0.3984375 0.01953125 0.15859375
1 0.61953125 0.28125 0.03203125 0.159375
8 0.82265625 0.2859375 0.053125 0.23203125
8 0.371875 0.35234375 0.0296875 0.19296875
3 0.59140625 0.41328125 0.0234375 0.14921875
3 0.17734375 0.48359375 0.0203125 0.04375
3 0.77109375 0.4625 0.02265625 0.05390625
3 0.67890625 0.40390625 0.0234375 0.1625
3 0.6234375 0.47890625 0.01953125 0.04296875