3 0.54140625 0.58125 0.025 0.15546875
3 0.83671875 0.5953125 0.02265625 0.159375
3 0.81171875 0.590625 0.02578125 0.16328125
8 0.0390625 0.5859375 0.0296875 0.14140625
3 0.88125 0.609375 0.028125 0.1515625
8 0.915625 0.71953125 0.0765625 0.20703125
8 0.21484375 0.621875 0.0390625 0.1375
8 0.1296875 0.5984375 0.03125 0.15859375
3 0.721875 0.5875 0.02421875 0.1546875
8 0.44140625 0.6546875 0.0453125 0.16640625
3 0.2671875 0.5546875 0.03203125 0.13125
8 0.74609375 0.68671875 0.05625 0.20546875
1 0.57734375 0.68515625 0.05 0.16171875
3 0.77109375 0.603125 0.02265625 0.13203125
3 0.690625 0.584375 0.0265625 0.14765625
3 0.93984375 0.6109375 0.02421875 0.1875
3 0.9125 0.60234375 0.03125 0.18359375
3 0.7546875 0.51484375 0.02109375 0.0390625
8 0.32578125 0.62421875 0.02265625 0.18046875
3 0.30625 0.76640625 0.04765625 0.2828125