8 0.5515625 0.86171875 0.02109375 0.07421875
8 0.415625 0.85234375 0.02109375 0.065625
8 0.48828125 0.85859375 0.01875 0.08203125
8 0.60234375 0.55234375 0.01484375 0.05625
8 0.625 0.871875 0.03046875 0.0640625
1 0.3046875 0.5640625 0.0390625 0.1609375
8 0.64609375 0.55859375 0.01484375 0.05859375
8 0.68984375 0.56484375 0.01171875 0.059375
8 0.47890625 0.53359375 0.01015625 0.04375
8 0.51953125 0.5390625 0.01015625 0.0484375
8 0.5578125 0.54296875 0.00859375 0.05625
8 0.44296875 0.52265625 0.01015625 0.0546875
8 0.4015625 0.5140625 0.00703125 0.05390625