1 0.3640625 0.6359375 0.06953125 0.175
8 0.66171875 0.565625 0.03203125 0.11015625
8 0.73984375 0.575 0.02109375 0.090625
8 0.49453125 0.565625 0.028125 0.11953125
8 0.553125 0.5296875 0.0109375 0.059375
8 0.7109375 0.525 0.0109375 0.05390625
8 0.5859375 0.56953125 0.021875 0.103125
8 0.41171875 0.57109375 0.025 0.103125
8 0.46015625 0.53046875 0.01171875 0.0703125
8 0.6375 0.5296875 0.01015625 0.0515625
8 0.41015625 0.503125 0.0109375 0.02578125
8 0.590625 0.5078125 0.01015625 0.01796875
8 0.67890625 0.50078125 0.0078125 0.01640625