3 0.9375 0.396875 0.03203125 0.1875
3 0.96953125 0.38984375 0.0265625 0.17265625
8 0.3703125 0.365625 0.03046875 0.1953125
8 0.49609375 0.3375 0.040625 0.1921875
8 0.06328125 0.40625 0.03984375 0.1484375
8 0.246875 0.3703125 0.03828125 0.1546875
8 0.14921875 0.3953125 0.034375 0.1671875
1 0.62109375 0.2921875 0.0328125 0.159375
3 0.83984375 0.4 0.02734375 0.17265625
3 0.32578125 0.4953125 0.02265625 0.040625
3 0.33203125 0.42265625 0.021875 0.1109375
8 0.83125 0.29453125 0.05703125 0.23359375
3 0.875 0.48125 0.02109375 0.04609375
3 0.87578125 0.38046875 0.02109375 0.1453125
3 0.89765625 0.38203125 0.02265625 0.15
3 0.7984375 0.41328125 0.034375 0.1578125
3 0.63828125 0.40703125 0.028125 0.17421875
3 0.7203125 0.153125 0.07578125 0.30546875