3 0.425 0.5671875 0.028125 0.16171875
3 0.6578125 0.5921875 0.02265625 0.12734375
8 0.25078125 0.628125 0.0390625 0.1578125
3 0.7640625 0.59375 0.02734375 0.15390625
3 0.81875 0.590625 0.02421875 0.1703125
8 0.053125 0.584375 0.02890625 0.1578125
8 0.51015625 0.6546875 0.03515625 0.20234375
8 0.15 0.60234375 0.040625 0.16328125
3 0.578125 0.5671875 0.028125 0.15390625
3 0.7234375 0.58515625 0.02109375 0.1671875
1 0.6390625 0.709375 0.03359375 0.16796875
8 0.85234375 0.70390625 0.05546875 0.24375
8 0.378125 0.634375 0.03125 0.203125
3 0.609375 0.5703125 0.025 0.15703125
3 0.1734375 0.49609375 0.02109375 0.04609375
3 0.79765625 0.51875 0.02421875 0.05703125
3 0.70078125 0.58046875 0.025 0.17109375
3 0.64296875 0.5015625 0.0203125 0.0453125