1 0.6515625 0.69296875 0.0765625 0.1875
8 0.4578125 0.61796875 0.02578125 0.09921875
8 0.4125 0.5671875 0.01328125 0.06015625
8 0.646875 0.56875 0.0125 0.05703125
8 0.53515625 0.61796875 0.02890625 0.1078125
8 0.6140625 0.61171875 0.0265625 0.10859375
8 0.7078125 0.609375 0.02265625 0.128125
8 0.59609375 0.575 0.00625 0.0546875
8 0.503125 0.5640625 0.0140625 0.0703125
8 0.45625 0.55234375 0.00859375 0.03359375
8 0.5546875 0.5671875 0.01015625 0.0546875
8 0.3734375 0.61953125 0.01171875 0.10234375