3 0.509375 0.6046875 0.02734375 0.1671875
3 0.82578125 0.61953125 0.02421875 0.17109375
3 0.79921875 0.61484375 0.02734375 0.175
3 0.8734375 0.634375 0.03046875 0.16328125
8 0.9109375 0.753125 0.08203125 0.221875
8 0.159375 0.64765625 0.04140625 0.14765625
8 0.0671875 0.62265625 0.0328125 0.1703125
3 0.70234375 0.6109375 0.0265625 0.165625
8 0.4015625 0.68359375 0.04921875 0.17890625
3 0.21484375 0.57578125 0.034375 0.140625
8 0.72890625 0.7171875 0.0609375 0.22109375
1 0.54765625 0.715625 0.05390625 0.17421875
3 0.75546875 0.628125 0.025 0.1421875
3 0.66875 0.6078125 0.02890625 0.159375
3 0.93671875 0.63671875 0.0265625 0.20078125
3 0.9078125 0.6265625 0.0328125 0.196875
3 0.73828125 0.5328125 0.02265625 0.0421875
8 0.278125 0.65 0.025 0.19375
3 0.25625 0.803125 0.05078125 0.30390625