3 0.74765625 0.5046875 0.02734375 0.153125
8 0.8703125 0.55625 0.034375 0.18203125
8 0.76796875 0.58203125 0.05078125 0.17109375
8 0.153125 0.65390625 0.06796875 0.23359375
3 0.39140625 0.5234375 0.02421875 0.16484375
3 0.44296875 0.528125 0.02578125 0.146875
3 0.5234375 0.46953125 0.02265625 0.09140625
8 0.6390625 0.5875 0.0359375 0.20390625
1 0.34765625 0.646875 0.05703125 0.1921875
3 0.4765625 0.51640625 0.0234375 0.15859375
8 0.50234375 0.61484375 0.04921875 0.19140625
8 0.97890625 0.5390625 0.03515625 0.17265625
3 0.57734375 0.51484375 0.021875 0.13671875
3 0.49765625 0.47265625 0.01953125 0.08125
3 0.971875 0.43671875 0.021875 0.04453125
3 0.5484375 0.43984375 0.02109375 0.03984375
3 0.60234375 0.50234375 0.02578125 0.146875