1 0.39140625 0.740625 0.04453125 0.09375
8 0.4234375 0.57265625 0.02578125 0.09140625
8 0.49375 0.57265625 0.0296875 0.0953125
8 0.56796875 0.56875 0.02109375 0.1
8 0.728125 0.56875 0.03046875 0.10703125
8 0.70703125 0.50390625 0.0125 0.06015625
8 0.47734375 0.49453125 0.0109375 0.06171875
8 0.65625 0.5609375 0.02421875 0.1234375
8 0.43671875 0.49453125 0.00859375 0.05625
8 0.52578125 0.5 0.0125 0.05625
8 0.5671875 0.5 0.00859375 0.0375
8 0.6125 0.5046875 0.009375 0.05546875
8 0.6546875 0.484375 0.00703125 0.02890625
8 0.75625 0.50546875 0.009375 0.065625