1 0.39140625 0.7375 0.046875 0.0984375
8 0.42578125 0.5609375 0.0265625 0.096875
8 0.5 0.5609375 0.03125 0.10078125
8 0.57890625 0.55625 0.021875 0.10546875
8 0.746875 0.55625 0.03203125 0.11328125
8 0.725 0.4890625 0.01328125 0.06328125
8 0.4828125 0.47890625 0.01171875 0.065625
8 0.67109375 0.5484375 0.02578125 0.1296875
8 0.43984375 0.47890625 0.00859375 0.059375
8 0.53359375 0.484375 0.01328125 0.059375
8 0.57734375 0.484375 0.00859375 0.03984375
8 0.62578125 0.48984375 0.009375 0.05859375
8 0.6703125 0.46796875 0.0078125 0.03046875
8 0.77734375 0.48984375 0.01015625 0.06875