8 0.57421875 0.60546875 0.015625 0.040625
1 0.34296875 0.38671875 0.03125 0.1421875
8 0.61171875 0.61328125 0.0140625 0.04453125
8 0.54296875 0.98671875 0.01875 0.0265625
8 0.50234375 0.5859375 0.00859375 0.04140625
8 0.53515625 0.59296875 0.0109375 0.0453125
8 0.5953125 0.98125 0.0109375 0.0375
8 0.64921875 0.6234375 0.0109375 0.04609375
8 0.72890625 0.6484375 0.01484375 0.0484375
8 0.65078125 0.98984375 0.0125 0.0203125
8 0.69140625 0.99140625 0.0140625 0.0171875
8 0.69296875 0.6359375 0.00703125 0.03828125