3 0.34609375 0.85 0.0296875 0.14765625
3 0.309375 0.8609375 0.03671875 0.14765625
3 0.403125 0.81484375 0.0296875 0.11796875
3 0.2375 0.88359375 0.03828125 0.15625
3 0.43515625 0.809375 0.0265625 0.1359375
3 0.45859375 0.80234375 0.01796875 0.12890625
3 0.48125 0.78671875 0.02265625 0.11953125
3 0.50625 0.77421875 0.021875 0.10390625
3 0.52578125 0.765625 0.01484375 0.109375
3 0.54375 0.75625 0.0203125 0.10625
3 0.5875 0.7375 0.0234375 0.1
3 0.96875 0.17734375 0.0625 0.0765625
3 0.74609375 0.22109375 0.05 0.1078125
3 0.83359375 0.28359375 0.04921875 0.08984375
3 0.75703125 0.31484375 0.0234375 0.07734375
3 0.69375 0.371875 0.0109375 0.06171875
3 0.8875 0.35390625 0.0125 0.05703125
3 0.2359375 0.38828125 0.0125 0.0546875
3 0.2109375 0.3828125 0.01171875 0.065625
0 0.60546875 0.353125 0.1859375 0.3234375