3 0.6703125 0.1921875 0.02734375 0.13515625
3 0.70390625 0.18203125 0.03359375 0.134375
3 0.61875 0.22421875 0.02734375 0.1078125
3 0.7703125 0.1609375 0.03515625 0.14296875
3 0.5890625 0.22890625 0.02421875 0.12421875
3 0.5671875 0.23515625 0.01640625 0.11796875
3 0.546875 0.24921875 0.02109375 0.109375
3 0.52421875 0.26171875 0.0203125 0.0953125
3 0.50625 0.26875 0.01328125 0.1
3 0.48984375 0.27734375 0.01875 0.096875
3 0.45 0.29453125 0.021875 0.09140625
3 0.08984375 0.8078125 0.08046875 0.06953125
3 0.30390625 0.7671875 0.04609375 0.0984375
3 0.22421875 0.71015625 0.0453125 0.08203125
3 0.29453125 0.68125 0.02109375 0.07109375
3 0.35234375 0.6296875 0.01015625 0.05625
3 0.175 0.64609375 0.0109375 0.0515625
3 0.771875 0.6140625 0.0109375 0.05
3 0.79375 0.61875 0.0109375 0.06015625
0 0.4328125 0.646875 0.1703125 0.29609375