3 0.303125 0.325 0.0203125 0.08046875
3 0.25 0.31171875 0.021875 0.084375
3 0.22578125 0.3078125 0.0234375 0.08828125
3 0.20390625 0.30390625 0.01875 0.08359375
3 0.18046875 0.2921875 0.02421875 0.09453125
3 0.1578125 0.28359375 0.0171875 0.1046875
3 0.14296875 0.27890625 0.0125 0.1078125
3 0.12734375 0.278125 0.01640625 0.109375
3 0.09765625 0.275 0.025 0.09453125
3 0.04921875 0.2578125 0.04140625 0.115625
3 0.01015625 0.246875 0.0203125 0.11328125
3 0.6484375 0.79375 0.0703125 0.146875
3 0.6875 0.71484375 0.04375 0.10078125
3 0.4609375 0.72421875 0.0234375 0.11953125
3 0.4265625 0.73828125 0.025 0.1265625
3 0.3765625 0.7515625 0.0265625 0.12109375
3 0.35859375 0.71171875 0.0171875 0.109375
3 0.3640625 0.63203125 0.0140625 0.04296875
3 0.3421875 0.66015625 0.01484375 0.0765625
3 0.946875 0.67265625 0.02265625 0.08125
3 0.80234375 0.66328125 0.03125 0.04921875
3 0.134375 0.60859375 0.0125 0.05234375
3 0.1078125 0.6078125 0.0125 0.05546875
0 0.5859375 0.64375 0.184375 0.28125