3 0.33671875 0.80859375 0.02890625 0.1453125
3 0.3 0.81953125 0.03671875 0.14453125
3 0.39140625 0.77421875 0.02890625 0.11640625
3 0.22890625 0.8421875 0.0375 0.15390625
3 0.4234375 0.76953125 0.02578125 0.13359375
3 0.446875 0.7625 0.01796875 0.1265625
3 0.46875 0.746875 0.02265625 0.1171875
3 0.49296875 0.734375 0.021875 0.10234375
3 0.5125 0.7265625 0.0140625 0.10703125
3 0.5296875 0.7171875 0.0203125 0.10390625
3 0.57265625 0.6984375 0.0234375 0.09765625
3 0.9578125 0.14765625 0.08359375 0.07421875
3 0.72890625 0.190625 0.04921875 0.10625
3 0.81484375 0.253125 0.0484375 0.08828125
3 0.7390625 0.28359375 0.02265625 0.07578125
3 0.67734375 0.3390625 0.01015625 0.0609375
3 0.8671875 0.321875 0.01171875 0.05546875
3 0.22734375 0.35546875 0.01171875 0.05390625
3 0.20390625 0.35078125 0.01171875 0.06484375
0 0.590625 0.32109375 0.1828125 0.3171875