3 0.69453125 0.53828125 0.03046875 0.20625
3 0.76875 0.56796875 0.05 0.2
3 0.50234375 0.39296875 0.0171875 0.13359375
3 0.51875 0.38125 0.0125 0.12734375
3 0.53984375 0.403125 0.0203125 0.1140625
3 0.65859375 0.50625 0.0421875 0.1921875
3 0.81484375 0.58125 0.0359375 0.18359375
3 0.93046875 0.6125 0.04140625 0.1859375
3 0.8921875 0.61796875 0.03359375 0.2
3 0.85546875 0.61875 0.03671875 0.20546875
3 0.628125 0.48515625 0.01875 0.16640625
3 0.58359375 0.44609375 0.02109375 0.12421875
3 0.5625 0.4171875 0.01875 0.13359375
1 0.6046875 0.6203125 0.03828125 0.1359375