3 0.89453125 0.76015625 0.06875 0.2984375
3 0.64609375 0.60859375 0.04453125 0.2484375
3 0.6875 0.60703125 0.0328125 0.20078125
3 0.72421875 0.65234375 0.03515625 0.23046875
3 0.79453125 0.640625 0.0421875 0.1796875
3 0.75859375 0.6453125 0.02890625 0.19453125
3 0.52890625 0.4953125 0.02890625 0.17734375
3 0.57578125 0.54375 0.03671875 0.20703125
3 0.434375 0.37578125 0.01640625 0.10390625
3 0.45234375 0.340625 0.01328125 0.05390625
3 0.4890625 0.45078125 0.021875 0.13203125
3 0.46875 0.36328125 0.0125 0.05859375
3 0.48046875 0.36875 0.009375 0.040625
3 0.5578125 0.46640625 0.02890625 0.09921875
1 0.60703125 0.5765625 0.02421875 0.11640625