0 0.82109375 0.4953125 0.25625 0.31640625
1 0.43984375 0.61484375 0.0875 0.04453125
3 0.16953125 0.4734375 0.0125 0.071875
3 0.14296875 0.46796875 0.015625 0.0796875
3 0.08515625 0.45703125 0.02265625 0.0890625
3 0.0109375 0.44296875 0.021875 0.10703125
3 0.11015625 0.46171875 0.01796875 0.07578125
3 0.128125 0.46484375 0.01640625 0.078125
3 0.15859375 0.4734375 0.00859375 0.071875
5 0.58359375 0.10078125 0.20859375 0.1984375
5 0.50078125 0.890625 0.32265625 0.21875
5 0.9484375 0.396875 0.103125 0.12421875
5 0.990625 0.05625 0.015625 0.1125
4 0.76875 0.5328125 0.025 0.05078125
4 0.765625 0.37421875 0.03046875 0.046875
4 0.90078125 0.390625 0.0234375 0.0421875
4 0.8984375 0.53828125 0.01796875 0.03671875