0 0.54375 0.590625 0.1734375 0.196875
3 0.765625 0.51953125 0.01328125 0.0671875
3 0.74296875 0.51953125 0.00859375 0.0734375
3 0.6984375 0.5171875 0.01328125 0.07109375
3 0.72578125 0.51953125 0.009375 0.06953125
3 0.71484375 0.51640625 0.0078125 0.071875
3 0.40390625 0.78125 0.09453125 0.0875
3 0.5265625 0.7953125 0.0578125 0.08671875
3 0.66484375 0.7 0.053125 0.0578125
3 0.65078125 0.65234375 0.06484375 0.0375
3 0.353125 0.75078125 0.06796875 0.04375
3 0.5984375 0.70859375 0.0734375 0.053125
3 0.42109375 0.64765625 0.046875 0.03125
3 0.3875 0.62890625 0.05 0.0203125