3 0.12578125 0.68984375 0.05234375 0.28203125
3 0.0734375 0.73125 0.06953125 0.32265625
3 0.31796875 0.6 0.028125 0.1453125
3 0.2796875 0.61484375 0.03125 0.153125
3 0.23125 0.63125 0.03359375 0.18203125
3 0.43828125 0.559375 0.01328125 0.08671875
3 0.45390625 0.553125 0.0171875 0.0828125
3 0.47578125 0.5484375 0.01953125 0.08125
3 0.49453125 0.54453125 0.0140625 0.06953125
1 0.39921875 0.58671875 0.0390625 0.14296875
5 0.65546875 0.9390625 0.2390625 0.121875
4 0.375 0.58359375 0.06640625 0.159375