3 0.153125 0.69296875 0.05 0.2703125
3 0.103125 0.73203125 0.06640625 0.309375
3 0.3375 0.60625 0.02734375 0.1390625
3 0.30078125 0.62109375 0.03046875 0.14609375
3 0.2546875 0.63671875 0.03203125 0.17421875
3 0.453125 0.56796875 0.0125 0.08359375
3 0.46796875 0.56171875 0.01640625 0.0796875
3 0.48828125 0.55703125 0.01875 0.078125
3 0.50703125 0.55390625 0.01328125 0.06640625
1 0.415625 0.59453125 0.0375 0.13671875
5 0.66171875 0.93671875 0.23046875 0.12578125
4 0.3921875 0.59140625 0.06328125 0.153125