8 0.4265625 0.4796875 0.00625 0.06171875
8 0.471875 0.47421875 0.0125 0.0546875
8 0.5125 0.46796875 0.00859375 0.05
8 0.55546875 0.4671875 0.009375 0.05390625
8 0.5984375 0.4671875 0.01171875 0.06171875
8 0.64609375 0.4625 0.0140625 0.05859375
8 0.69296875 0.46015625 0.01015625 0.0609375
8 0.7421875 0.45859375 0.01015625 0.06171875
8 0.48671875 0.32734375 0.0171875 0.10078125
8 0.55859375 0.33671875 0.0203125 0.11875
8 0.63125 0.3296875 0.0203125 0.1015625
8 0.72265625 0.3171875 0.025 0.08046875
1 0.36171875 0.31328125 0.05546875 0.1859375