1 0.48671875 0.45546875 0.0515625 0.10703125
3 0.19140625 0.15390625 0.03046875 0.115625
3 0.16015625 0.12265625 0.034375 0.1171875
3 0.12890625 0.09609375 0.03671875 0.12578125
3 0.1015625 0.075 0.03671875 0.11953125
3 0.30859375 0.21171875 0.01796875 0.0890625
3 0.43359375 0.27265625 0.009375 0.07265625
3 0.41328125 0.2578125 0.015625 0.06875
3 0.365625 0.2453125 0.0125 0.075
3 0.35078125 0.24296875 0.0125 0.075
3 0.3203125 0.22265625 0.0078125 0.07890625
3 0.3796875 0.2546875 0.01015625 0.07109375
3 0.40078125 0.2609375 0.00703125 0.07109375
3 0.39140625 0.2609375 0.01171875 0.075
5 0.77734375 0.61171875 0.44453125 0.41484375
4 0.2671875 0.178125 0.06171875 0.171875