0 0.46953125 0.57890625 0.16796875 0.190625
3 0.25390625 0.51015625 0.0125 0.06484375
3 0.27578125 0.51015625 0.00859375 0.07109375
3 0.31875 0.5078125 0.01328125 0.06875
3 0.29296875 0.509375 0.009375 0.06796875
3 0.30390625 0.50703125 0.00703125 0.06953125
3 0.6046875 0.7625 0.09140625 0.08515625
3 0.48515625 0.7765625 0.05625 0.084375
3 0.3515625 0.68515625 0.0515625 0.05625
3 0.365625 0.63828125 0.0625 0.03671875
3 0.65390625 0.73359375 0.065625 0.0421875
3 0.41640625 0.69296875 0.07109375 0.0515625
3 0.5875 0.63359375 0.0453125 0.03046875
3 0.6203125 0.615625 0.0484375 0.01953125