1 0.36015625 0.66953125 0.053125 0.19375
8 0.55625 0.66484375 0.01953125 0.11875
8 0.48515625 0.67265625 0.01953125 0.1015625
8 0.6296875 0.6703125 0.02265625 0.0984375
8 0.7203125 0.68515625 0.028125 0.0796875
8 0.42578125 0.51796875 0.01015625 0.06171875
8 0.471875 0.521875 0.01484375 0.05859375
8 0.5109375 0.53046875 0.00859375 0.04921875
8 0.5546875 0.5296875 0.01015625 0.05703125
8 0.5984375 0.52890625 0.009375 0.06015625
8 0.6453125 0.53671875 0.015625 0.059375
8 0.69140625 0.53828125 0.0109375 0.06015625
8 0.74140625 0.540625 0.009375 0.059375