1 0.38359375 0.68203125 0.0765625 0.0875
8 0.69375 0.58046875 0.02734375 0.0890625
8 0.62421875 0.57578125 0.02734375 0.09609375
8 0.54609375 0.56640625 0.01796875 0.1203125
8 0.45390625 0.58125 0.025 0.0875
8 0.38046875 0.5671875 0.02890625 0.1140625
8 0.67890625 0.52890625 0.00859375 0.05390625
8 0.64296875 0.5234375 0.0078125 0.046875
8 0.60234375 0.5328125 0.01015625 0.05390625
8 0.56328125 0.53203125 0.01171875 0.06015625
8 0.5203125 0.53203125 0.0109375 0.06015625
8 0.42734375 0.53359375 0.01328125 0.05859375
8 0.47578125 0.53046875 0.0125 0.06640625