3 0.365625 0.409375 0.04296875 0.25078125
3 0.32109375 0.40859375 0.0375 0.271875
3 0.28984375 0.421875 0.0515625 0.21875
3 0.209375 0.42890625 0.06875 0.20546875
3 0.17578125 0.4390625 0.04921875 0.2109375
3 0.1328125 0.44296875 0.04296875 0.18046875
3 0.1296875 0.53359375 0.01640625 0.034375
3 0.09453125 0.44375 0.04609375 0.1828125
3 0.7140625 0.40390625 0.03515625 0.25078125
3 0.746875 0.41796875 0.04140625 0.2296875
3 0.85390625 0.43046875 0.0546875 0.25078125
3 0.928125 0.4265625 0.06171875 0.2546875
3 0.97109375 0.44140625 0.03828125 0.26015625
0 0.52265625 0.56953125 0.1859375 0.228125