0 0.50390625 0.44765625 0.2296875 0.325
5 0.50859375 0.89296875 0.1453125 0.2140625
5 0.7 0.02265625 0.08671875 0.0453125
3 0.3703125 0.48984375 0.01953125 0.0609375
3 0.3515625 0.490625 0.015625 0.06953125
3 0.340625 0.49140625 0.01796875 0.0671875
3 0.325 0.49765625 0.015625 0.0625
3 0.30546875 0.50078125 0.015625 0.0640625
3 0.290625 0.49921875 0.01328125 0.07265625
3 0.28125 0.4984375 0.015625 0.07578125
3 0.240625 0.5109375 0.021875 0.09140625
3 0.2265625 0.5125 0.01171875 0.0859375
3 0.20859375 0.52578125 0.0171875 0.0640625
3 0.14140625 0.528125 0.034375 0.10390625
3 0.09453125 0.53359375 0.0359375 0.11953125
3 0.065625 0.5390625 0.0265625 0.11796875
3 0.0484375 0.5421875 0.01328125 0.12109375
3 0.034375 0.54765625 0.040625 0.12734375
3 0.0125 0.55390625 0.02421875 0.13046875
4 0.1890625 0.50390625 0.065625 0.13515625