3 0.67109375 0.3390625 0.03203125 0.13671875
3 0.70625 0.3234375 0.034375 0.16796875
3 0.75546875 0.29765625 0.0328125 0.19140625
3 0.865625 0.225 0.053125 0.275
3 0.54375 0.39375 0.01640625 0.08984375
3 0.52578125 0.4046875 0.01796875 0.0921875
3 0.50546875 0.409375 0.01640625 0.08203125
3 0.4859375 0.41328125 0.01875 0.07421875
3 0.59296875 0.3875 0.01953125 0.1015625
1 0.55546875 0.51171875 0.04140625 0.103125
5 0.30078125 0.0140625 0.17890625 0.028125
4 0.61015625 0.36875 0.06953125 0.14765625