0 0.4734375 0.51171875 0.153125 0.290625
3 0.34296875 0.521875 0.01328125 0.06328125
3 0.30234375 0.51875 0.01015625 0.07109375
3 0.27890625 0.51484375 0.0125 0.065625
3 0.32265625 0.5171875 0.01171875 0.07109375
3 0.3171875 0.51640625 0.00703125 0.07109375
3 0.3328125 0.51953125 0.00703125 0.0640625
3 0.39609375 0.69453125 0.07265625 0.05234375
3 0.56640625 0.8078125 0.06484375 0.09375
3 0.69921875 0.7859375 0.09921875 0.0796875
3 0.73359375 0.7546875 0.08046875 0.05
3 0.41171875 0.65078125 0.0515625 0.03828125
3 0.465625 0.70625 0.0828125 0.0390625
3 0.6328125 0.653125 0.0734375 0.0390625
3 0.6703125 0.62421875 0.04921875 0.02265625