0 0.50390625 0.55703125 0.25859375 0.3578125
5 0.54375 0.1 0.165625 0.2
3 0.05703125 0.42734375 0.034375 0.1421875
3 0.0828125 0.43515625 0.015625 0.14453125
3 0.1078125 0.44296875 0.0265625 0.13671875
3 0.13671875 0.45 0.0234375 0.12890625
3 0.1671875 0.4609375 0.03359375 0.11953125
3 0.20546875 0.4671875 0.0328125 0.10703125
3 0.2921875 0.4890625 0.021875 0.08984375
3 0.3328125 0.49375 0.01171875 0.08046875
3 0.34609375 0.49609375 0.009375 0.0671875
3 0.3640625 0.496875 0.015625 0.0578125
4 0.2515625 0.4875 0.06328125 0.1359375