0 0.465625 0.590625 0.13828125 0.18046875
3 0.25390625 0.5265625 0.01640625 0.0828125
3 0.26796875 0.5078125 0.009375 0.06953125
3 0.3109375 0.50546875 0.0140625 0.07109375
3 0.30234375 0.48828125 0.00546875 0.03671875
3 0.2953125 0.50703125 0.00625 0.071875
3 0.2859375 0.51015625 0.0078125 0.071875
3 0.45859375 0.78046875 0.04765625 0.065625
3 0.3375 0.6828125 0.04140625 0.0375
3 0.359375 0.63828125 0.034375 0.034375
3 0.41640625 0.6984375 0.03125 0.034375
3 0.38671875 0.67265625 0.03671875 0.03125