3 0.69296875 0.47109375 0.025 0.13125
3 0.734375 0.47578125 0.03203125 0.15546875
3 0.7890625 0.48046875 0.0296875 0.18671875
3 0.8828125 0.48671875 0.05078125 0.23984375
3 0.51484375 0.4703125 0.01015625 0.07578125
3 0.5328125 0.47421875 0.0140625 0.0921875
3 0.55390625 0.47109375 0.0171875 0.0984375
3 0.57265625 0.4703125 0.0171875 0.09609375
3 0.621875 0.47265625 0.01953125 0.125
1 0.60078125 0.546875 0.04140625 0.10234375
3 0.9203125 0.496875 0.06640625 0.2765625
3 0.76640625 0.47578125 0.01875 0.171875
5 0.28984375 0.059375 0.28046875 0.11875
4 0.6390625 0.4765625 0.0703125 0.165625