0 0.37265625 0.41171875 0.11953125 0.10390625
3 0.07578125 0.36796875 0.028125 0.10234375
3 0.36640625 0.159375 0.075 0.2015625
3 0.42109375 0.0640625 0.0640625 0.12734375
3 0.16875 0.2015625 0.06171875 0.1234375
3 0.0140625 0.33203125 0.028125 0.0921875
3 0.19921875 0.41328125 0.0234375 0.0875
3 0.284375 0.46875 0.015625 0.06640625
3 0.271875 0.4734375 0.00859375 0.06171875
3 0.41953125 0.48984375 0.0109375 0.0546875
3 0.40390625 0.478125 0.01640625 0.0359375
3 0.23046875 0.47734375 0.0140625 0.04921875
3 0.215625 0.453125 0.01796875 0.08828125
3 0.2109375 0.50078125 0.0171875 0.03515625
3 0.43125 0.49765625 0.0125 0.04453125