1 0.390625 0.54609375 0.034375 0.15859375
3 0.134375 0.63125 0.0546875 0.2640625
3 0.31953125 0.56875 0.03125 0.13203125
3 0.2375 0.59453125 0.03984375 0.18359375
3 0.28671875 0.578125 0.03125 0.15078125
3 0.440625 0.5515625 0.01484375 0.08984375
3 0.45625 0.54765625 0.0140625 0.09375
3 0.0390625 0.6765625 0.06015625 0.35546875
3 0.08828125 0.6453125 0.08046875 0.29609375
3 0.475 0.54765625 0.01640625 0.0859375
3 0.49609375 0.54375 0.01484375 0.07421875
5 0.73046875 0.09296875 0.2828125 0.18515625
4 0.3671875 0.58671875 0.046875 0.1375