1 0.44296875 0.54609375 0.0328125 0.1125
3 0.30703125 0.4046875 0.0296875 0.14765625
3 0.1625 0.3359375 0.0453125 0.2546875
3 0.1234375 0.31640625 0.05859375 0.29765625
3 0.25625 0.38203125 0.02421875 0.178125
3 0.2796875 0.38984375 0.0265625 0.16640625
3 0.340625 0.4046875 0.02421875 0.121875
3 0.5109375 0.45390625 0.01796875 0.07109375
3 0.49140625 0.44921875 0.01875 0.08046875
3 0.471875 0.44765625 0.01484375 0.084375
3 0.45546875 0.43984375 0.01484375 0.08046875
3 0.41171875 0.43515625 0.01875 0.10859375
5 0.68125 0.065625 0.21875 0.13125
4 0.3921875 0.425 0.0625 0.1453125