8 0.48359375 0.64921875 0.04296875 0.20078125
8 0.62890625 0.63671875 0.0296875 0.20625
8 0.77421875 0.63671875 0.0265625 0.18359375
8 0.90546875 0.621875 0.0390625 0.19140625
8 0.14296875 0.65546875 0.03828125 0.221875
1 0.32890625 0.67734375 0.03359375 0.1640625
3 0.665625 0.57890625 0.02421875 0.134375
3 0.69609375 0.57109375 0.02109375 0.14609375
3 0.71328125 0.56640625 0.01640625 0.1515625
3 0.81328125 0.56640625 0.0234375 0.140625
3 0.79140625 0.5671875 0.01796875 0.1421875
3 0.7375 0.56171875 0.02109375 0.146875
3 0.75234375 0.58046875 0.01875 0.121875
3 0.771875 0.53359375 0.0203125 0.02578125
3 0.76015625 0.5015625 0.021875 0.0359375
3 0.775 0.5046875 0.01484375 0.0328125
3 0.96953125 0.5703125 0.03671875 0.1484375