1 0.53984375 0.621875 0.06953125 0.10234375
0 0.0765625 0.58359375 0.153125 0.3578125
3 0.71953125 0.5203125 0.01484375 0.06953125
3 0.73359375 0.5171875 0.0109375 0.0828125
3 0.7578125 0.51953125 0.00859375 0.0796875
3 0.7453125 0.51875 0.01171875 0.0890625
3 0.77421875 0.51875 0.0171875 0.08515625
3 0.796875 0.5203125 0.01484375 0.08515625
3 0.8609375 0.5203125 0.01953125 0.1046875
3 0.9828125 0.52265625 0.034375 0.1421875
5 0.28984375 0.13046875 0.26484375 0.2609375
5 0.4015625 0.93203125 0.425 0.13515625
3 0.88828125 0.48671875 0.015625 0.05234375
4 0.06640625 0.45 0.0375 0.05625
4 0.065625 0.63359375 0.0359375 0.06484375
4 0.91171875 0.5125 0.08203125 0.1703125