3 0.70390625 0.73203125 0.06171875 0.25078125
3 0.98125 0.64140625 0.0375 0.11015625
3 0.8921875 0.6375 0.04375 0.13046875
3 0.746875 0.60859375 0.02421875 0.08515625
3 0.7171875 0.6109375 0.0296875 0.08984375
3 0.68046875 0.59765625 0.01640625 0.0796875
3 0.64375 0.59765625 0.0203125 0.059375
3 0.45703125 0.771875 0.0546875 0.24453125
0 0.53984375 0.57734375 0.14296875 0.3078125
3 0.37421875 0.6984375 0.0421875 0.175
3 0.3171875 0.690625 0.0328125 0.20390625
3 0.34375 0.64765625 0.02265625 0.13046875
3 0.11953125 0.58515625 0.01640625 0.08359375
3 0.10390625 0.58671875 0.01640625 0.06953125
3 0.0890625 0.58828125 0.01171875 0.07734375
3 0.04140625 0.2421875 0.02265625 0.07734375