1 0.64140625 0.35703125 0.06171875 0.18828125
8 0.5171875 0.43125 0.0203125 0.121875
8 0.553125 0.46640625 0.0125 0.05390625
8 0.6 0.46875 0.0078125 0.0609375
8 0.4546875 0.475 0.0125 0.071875
8 0.4375 0.41953125 0.0296875 0.09609375
8 0.3421875 0.43671875 0.02265625 0.12734375
8 0.365625 0.475 0.0140625 0.06484375
8 0.41015625 0.471875 0.0125 0.0640625
8 0.3234375 0.471875 0.01171875 0.05859375
8 0.28359375 0.4765625 0.00859375 0.059375
8 0.2453125 0.47578125 0.009375 0.053125
8 0.25703125 0.42578125 0.028125 0.1015625