1 0.63671875 0.37421875 0.02734375 0.1203125
8 0.4734375 0.38984375 0.0484375 0.18515625
8 0.33046875 0.3953125 0.03203125 0.2109375
8 0.16796875 0.38515625 0.05234375 0.178125
8 0.025 0.415625 0.04765625 0.21484375
8 0.79921875 0.38046875 0.046875 0.209375
8 0.94765625 0.3734375 0.03125 0.2015625
3 0.09375 0.45703125 0.02578125 0.13125
3 0.06484375 0.46484375 0.021875 0.1453125
3 0.1359375 0.4609375 0.0234375 0.1484375
3 0.12109375 0.5203125 0.01640625 0.05
3 0.11953125 0.440625 0.01875 0.10625
3 0.02265625 0.53203125 0.015625 0.028125
3 0.00234375 0.5359375 0.0046875 0.03125