8 0.53515625 0.52265625 0.009375 0.05546875
8 0.57734375 0.5359375 0.01484375 0.053125
8 0.61875 0.54296875 0.01171875 0.053125
8 0.6609375 0.54921875 0.009375 0.053125
8 0.49765625 0.51875 0.00859375 0.046875
8 0.459375 0.51484375 0.00859375 0.03828125
8 0.42421875 0.50078125 0.0109375 0.0515625
8 0.43828125 0.85234375 0.01875 0.0796875
8 0.50390625 0.8625 0.02421875 0.06875
8 0.57265625 0.87734375 0.0265625 0.06015625
8 0.63203125 0.86875 0.02109375 0.07734375
8 0.7046875 0.56171875 0.0171875 0.04453125
1 0.3234375 0.54296875 0.0390625 0.1546875