1 0.43203125 0.51953125 0.090625 0.0734375
3 0.13046875 0.6125 0.0359375 0.14921875
3 0.05546875 0.61796875 0.03671875 0.18828125
3 0.184375 0.59765625 0.04140625 0.14375
3 0.271875 0.571875 0.01953125 0.10859375
3 0.32265625 0.5625 0.0171875 0.09453125
3 0.34375 0.56171875 0.0171875 0.08828125
3 0.36796875 0.559375 0.01953125 0.08828125
3 0.3890625 0.55546875 0.01875 0.084375
3 0.1234375 0.56015625 0.02421875 0.06953125
5 0.58828125 0.96640625 0.2140625 0.06640625
5 0.85390625 0.11796875 0.2921875 0.2359375
4 0.23828125 0.5796875 0.0765625 0.15703125