1 0.42578125 0.37265625 0.05 0.07265625
3 0.16171875 0.5171875 0.053125 0.26953125
3 0.26875 0.50078125 0.03984375 0.20078125
3 0.3234375 0.49609375 0.03515625 0.16171875
3 0.359375 0.4875 0.03046875 0.1296875
3 0.115625 0.5296875 0.08671875 0.31796875
3 0.2953125 0.49921875 0.0390625 0.18046875
3 0.540625 0.47734375 0.01484375 0.08125
3 0.5203125 0.48359375 0.015625 0.0890625
3 0.48359375 0.48203125 0.01484375 0.0890625
3 0.49921875 0.4828125 0.015625 0.09140625
3 0.434375 0.4890625 0.02265625 0.115625
5 0.7609375 0.05390625 0.31484375 0.10703125
5 0.9609375 0.9734375 0.078125 0.05234375
4 0.41796875 0.4984375 0.0703125 0.16953125