0 0.48671875 0.45 0.21953125 0.3109375
5 0.49140625 0.88671875 0.13984375 0.22578125
5 0.67421875 0.03203125 0.0828125 0.0640625
3 0.359375 0.490625 0.01875 0.0578125
3 0.340625 0.49140625 0.01484375 0.06640625
3 0.33125 0.49140625 0.0171875 0.0640625
3 0.315625 0.49765625 0.01484375 0.06015625
3 0.296875 0.50078125 0.01484375 0.06171875
3 0.2828125 0.49921875 0.0125 0.06953125
3 0.27421875 0.4984375 0.01484375 0.07265625
3 0.23515625 0.51015625 0.02109375 0.0875
3 0.22109375 0.51171875 0.01171875 0.0828125
3 0.20390625 0.525 0.01640625 0.06171875
3 0.13984375 0.5265625 0.0328125 0.09921875
3 0.0953125 0.53203125 0.034375 0.11484375
3 0.0671875 0.53671875 0.02578125 0.1125
3 0.05078125 0.540625 0.0125 0.11640625
3 0.03671875 0.54609375 0.0390625 0.121875
3 0.0140625 0.5515625 0.028125 0.12578125
4 0.1859375 0.50390625 0.06328125 0.1296875