0 0.459375 0.5890625 0.13359375 0.17421875
3 0.25546875 0.528125 0.01640625 0.0796875
3 0.26953125 0.509375 0.009375 0.06640625
3 0.31015625 0.50703125 0.01328125 0.06875
3 0.30234375 0.490625 0.00546875 0.03515625
3 0.2953125 0.50859375 0.00625 0.06953125
3 0.28671875 0.51171875 0.0078125 0.06953125
3 0.453125 0.771875 0.04609375 0.06328125
3 0.3359375 0.678125 0.03984375 0.0359375
3 0.35703125 0.63515625 0.0328125 0.0328125
3 0.41171875 0.69296875 0.03046875 0.0328125
3 0.38359375 0.66796875 0.0359375 0.03046875