0 0.509375 0.428125 0.2703125 0.3734375
5 0.46796875 0.9 0.17265625 0.2
3 0.97578125 0.56328125 0.0359375 0.1484375
3 0.94921875 0.5546875 0.01640625 0.15
3 0.9234375 0.546875 0.02734375 0.1421875
3 0.89296875 0.5390625 0.02421875 0.134375
3 0.8609375 0.528125 0.03515625 0.125
3 0.82109375 0.521875 0.034375 0.1109375
3 0.73046875 0.49921875 0.0234375 0.09375
3 0.68828125 0.49375 0.01171875 0.084375
3 0.675 0.49140625 0.01015625 0.0703125
3 0.65625 0.490625 0.01640625 0.0609375
4 0.7734375 0.5 0.06640625 0.1421875