1 0.36640625 0.2609375 0.028125 0.1828125
8 0.16640625 0.24765625 0.06796875 0.23125
8 0.515625 0.29375 0.05078125 0.1953125
8 0.64453125 0.32578125 0.03359375 0.20390625
8 0.76640625 0.32890625 0.04375 0.16171875
8 0.8640625 0.35859375 0.0296875 0.17734375
8 0.96484375 0.37265625 0.03203125 0.15625
3 0.93515625 0.2390625 0.05703125 0.26953125
3 0.1140625 0.3328125 0.02265625 0.1375
3 0.0984375 0.35703125 0.025 0.178125
3 0.12578125 0.3640625 0.0328125 0.20234375
3 0.15859375 0.35 0.03046875 0.17421875
3 0.20546875 0.36796875 0.028125 0.17421875
3 0.2296875 0.375 0.025 0.1828125
3 0.27265625 0.3609375 0.0171875 0.13515625
3 0.29375 0.35703125 0.02265625 0.14296875
3 0.325 0.3796875 0.028125 0.1640625
3 0.36015625 0.409375 0.02890625 0.1125
3 0.26875 0.41953125 0.021875 0.10546875
3 0.28984375 0.453125 0.01796875 0.046875
3 0.30859375 0.45078125 0.0171875 0.04921875
3 0.5203125 0.4296875 0.02890625 0.075
3 0.7953125 0.4125 0.03359375 0.13828125