0 0.434375 0.64296875 0.16640625 0.29609375
2 0.54453125 0.77578125 0.065625 0.0703125
2 0.503125 0.70859375 0.01484375 0.04296875
2 0.390625 0.72109375 0.01484375 0.0390625
5 0.89765625 0.575 0.19453125 0.36484375
6 0.15703125 0.6734375 0.31328125 0.08046875
6 0.3484375 0.140625 0.065625 0.28125
6 0.234375 0.26484375 0.16015625 0.05546875
6 0.05625 0.23828125 0.10859375 0.03515625
6 0.55390625 0.6578125 0.0515625 0.0453125
6 0.71015625 0.6453125 0.06875 0.0578125
6 0.52734375 0.30703125 0.2359375 0.0546875
6 0.7484375 0.23515625 0.20546875 0.2
6 0.99140625 0.05546875 0.01640625 0.07421875