2 0.41015625 0.71640625 0.04453125 0.0375
2 0.20625 0.7203125 0.04375 0.0453125
2 0.5390625 0.75859375 0.059375 0.0734375
0 0.4703125 0.62109375 0.1421875 0.28828125
5 0.87109375 0.67890625 0.1828125 0.14296875
6 0.35078125 0.13671875 0.0703125 0.2734375
6 0.7390625 0.22421875 0.1984375 0.20546875
6 0.98125 0.03125 0.0375 0.0625
6 0.22734375 0.26171875 0.15078125 0.05859375
6 0.05625 0.23828125 0.1125 0.0390625
6 0.15078125 0.665625 0.30078125 0.07421875
6 0.696875 0.64765625 0.0796875 0.0609375
6 0.54453125 0.6515625 0.0375 0.05078125
6 0.521875 0.30078125 0.234375 0.059375