1 0.44765625 0.45 0.03203125 0.1109375
3 0.31328125 0.58984375 0.02890625 0.14609375
3 0.1703125 0.65703125 0.04453125 0.2515625
3 0.13125 0.6765625 0.05859375 0.29453125
3 0.26328125 0.61171875 0.02421875 0.17578125
3 0.2859375 0.6046875 0.02578125 0.16484375
3 0.34609375 0.58984375 0.02421875 0.1203125
3 0.51484375 0.540625 0.01796875 0.0703125
3 0.49609375 0.5453125 0.01875 0.0796875
3 0.47578125 0.546875 0.01484375 0.08359375
3 0.46015625 0.5546875 0.01484375 0.0796875
3 0.41640625 0.559375 0.01875 0.10703125
5 0.684375 0.93046875 0.21640625 0.1390625
4 0.39765625 0.56953125 0.0625 0.14375