8 0.45859375 0.50703125 0.009375 0.059375
8 0.4140625 0.49375 0.015625 0.05703125
8 0.36875 0.4859375 0.0125 0.05703125
8 0.32421875 0.47890625 0.01015625 0.05703125
8 0.4984375 0.5109375 0.009375 0.05
8 0.53984375 0.51640625 0.00859375 0.04140625
8 0.57734375 0.53046875 0.01171875 0.0546875
8 0.56171875 0.15625 0.0203125 0.08515625
8 0.4921875 0.14453125 0.02578125 0.0734375
8 0.41875 0.12890625 0.028125 0.0640625
8 0.35546875 0.13828125 0.02265625 0.08203125
8 0.278125 0.465625 0.01875 0.04765625
1 0.684375 0.4859375 0.0421875 0.165625