1 0.41953125 0.41796875 0.04453125 0.128125
0 0.48828125 0.53984375 0.225 0.36875
5 0.30078125 0.1046875 0.09765625 0.209375
5 0.6953125 0.0609375 0.04296875 0.121875
5 0.7890625 0.28671875 0.421875 0.421875
5 0.734375 0.9625 0.071875 0.075
5 0.91640625 0.765625 0.16640625 0.46796875
5 0.08046875 0.915625 0.1609375 0.165625
4 0.1078125 0.89453125 0.04453125 0.07421875
4 0.5859375 0.4390625 0.02265625 0.05859375
4 0.58203125 0.61015625 0.021875 0.05703125
4 0.43984375 0.415625 0.03046875 0.05390625