8 0.4359375 0.46953125 0.00625 0.06328125
8 0.48203125 0.4640625 0.01328125 0.05625
8 0.5234375 0.4578125 0.009375 0.0515625
8 0.56796875 0.45625 0.01015625 0.05625
8 0.61328125 0.45703125 0.01171875 0.0640625
8 0.66171875 0.4515625 0.01484375 0.06015625
8 0.7109375 0.45 0.01015625 0.06328125
8 0.7609375 0.44765625 0.01015625 0.0640625
8 0.496875 0.31171875 0.0171875 0.10390625
8 0.571875 0.321875 0.02109375 0.12265625
8 0.646875 0.31484375 0.02109375 0.10546875
8 0.740625 0.3015625 0.02578125 0.0828125
1 0.36796875 0.29765625 0.0578125 0.1921875