2 0.3765625 0.73359375 0.01953125 0.0515625
2 0.54609375 0.775 0.06640625 0.071875
0 0.44375 0.6484375 0.15859375 0.29609375
5 0.88359375 0.54375 0.196875 0.43515625
6 0.740625 0.2296875 0.2046875 0.1953125
6 0.521875 0.2890625 0.2390625 0.03828125
6 0.34375 0.1359375 0.065625 0.271875
6 0.21328125 0.26171875 0.134375 0.05
6 0.05546875 0.24375 0.1109375 0.05625
6 0.153125 0.67578125 0.3 0.08203125
6 0.54296875 0.66328125 0.05078125 0.05234375
6 0.7203125 0.65234375 0.10546875 0.0609375
6 0.984375 0.0421875 0.03125 0.08125