2 0.33671875 0.23203125 0.021875 0.05703125
2 0.52265625 0.18671875 0.0734375 0.0796875
0 0.41015625 0.32578125 0.17421875 0.32578125
5 0.8921875 0.44140625 0.215625 0.4796875
6 0.7359375 0.78671875 0.225 0.21484375
6 0.49609375 0.7203125 0.2625 0.04140625
6 0.30078125 0.86953125 0.071875 0.2609375
6 0.15703125 0.75078125 0.14765625 0.0546875
6 0.02265625 0.76953125 0.0453125 0.0609375
6 0.12734375 0.29609375 0.2546875 0.0890625
6 0.51953125 0.309375 0.05546875 0.05703125
6 0.7140625 0.32109375 0.115625 0.0671875
6 0.99375 0.9734375 0.01171875 0.053125