8 0.58125 0.42265625 0.021875 0.1015625
8 0.496875 0.41953125 0.02421875 0.1140625
8 0.55703125 0.45234375 0.01328125 0.05
8 0.603125 0.4546875 0.0109375 0.06015625
8 0.41796875 0.4078125 0.03125 0.08984375
8 0.32890625 0.42578125 0.021875 0.11953125
8 0.38203125 0.4625 0.0125 0.05625
8 0.4234375 0.471875 0.0109375 0.03671875
8 0.46640625 0.4609375 0.0125 0.06484375
8 0.51171875 0.4578125 0.0140625 0.0609375
8 0.30625 0.46484375 0.01015625 0.0609375
8 0.34375 0.459375 0.00703125 0.0546875
1 0.62890625 0.30546875 0.071875 0.08984375