0 0.46875 0.434375 0.1453125 0.190625
3 0.24609375 0.50078125 0.01796875 0.08671875
3 0.2609375 0.52109375 0.01015625 0.07265625
3 0.30625 0.5234375 0.01484375 0.075
3 0.296875 0.54140625 0.00546875 0.03828125
3 0.28984375 0.521875 0.00703125 0.07578125
3 0.28046875 0.51875 0.00859375 0.07578125
3 0.46171875 0.23359375 0.05 0.06875
3 0.334375 0.33671875 0.04375 0.03984375
3 0.35703125 0.38359375 0.0359375 0.0359375
3 0.4171875 0.3203125 0.0328125 0.0359375
3 0.3859375 0.34765625 0.0390625 0.03359375