0 0.54609375 0.64140625 0.16484375 0.27734375
2 0.78984375 0.88125 0.1015625 0.0296875
3 0.20625 0.83515625 0.090625 0.30625
3 0.42890625 0.6921875 0.03515625 0.10390625
3 0.44453125 0.68671875 0.0421875 0.115625
3 0.75625 0.6953125 0.02734375 0.0984375
3 0.7984375 0.65625 0.02578125 0.075
3 0.846875 0.63359375 0.01875 0.05703125
3 0.7390625 0.671875 0.01015625 0.0984375
3 0.41015625 0.27421875 0.01640625 0.084375
3 0.3609375 0.2609375 0.02109375 0.090625
3 0.3390625 0.24921875 0.01875 0.090625
3 0.31875 0.24140625 0.01640625 0.0984375
3 0.2953125 0.2328125 0.0234375 0.1
3 0.275 0.2203125 0.01796875 0.121875
3 0.246875 0.21484375 0.0234375 0.115625
3 0.21875 0.20546875 0.01953125 0.1078125
3 0.16484375 0.17890625 0.02890625 0.11796875
3 0.125 0.1703125 0.03125 0.11953125
3 0.07109375 0.15546875 0.0125 0.12578125
3 0.05546875 0.1515625 0.02421875 0.121875
3 0.0890625 0.1953125 0.02578125 0.0609375
3 0.16328125 0.59140625 0.0125 0.05859375
3 0.140625 0.5890625 0.01015625 0.0625
3 0.4546875 0.6390625 0.0140625 0.09140625
3 0.440625 0.63984375 0.0171875 0.08515625