0 0.60625 0.54453125 0.2515625 0.3296875
3 0.9921875 0.7375 0.01484375 0.08828125
3 0.9296875 0.70859375 0.01640625 0.08359375
3 0.91171875 0.6984375 0.0140625 0.06875
3 0.9015625 0.6921875 0.01171875 0.07578125
3 0.875 0.6828125 0.01484375 0.07265625
3 0.8859375 0.68203125 0.01328125 0.0671875
3 0.8359375 0.6671875 0.01484375 0.0671875
3 0.82578125 0.6796875 0.0078125 0.03046875
3 0.8203125 0.65390625 0.01171875 0.0578125
3 0.81171875 0.65546875 0.00859375 0.06875
3 0.803125 0.65390625 0.0078125 0.028125
3 0.79453125 0.64375 0.0109375 0.05
3 0.7765625 0.64140625 0.01796875 0.05546875
3 0.75859375 0.63828125 0.01484375 0.05625
3 0.7453125 0.6328125 0.0125 0.0578125
3 0.7234375 0.6296875 0.01015625 0.05625
5 0.62109375 0.18203125 0.19140625 0.36328125
4 0.94296875 0.7328125 0.06640625 0.153125