0 0.009375 0.35390625 0.01875 0.2921875
1 0.525 0.42109375 0.08046875 0.1390625
3 0.87421875 0.409375 0.028125 0.146875
3 0.92890625 0.39375 0.03203125 0.146875
3 0.9734375 0.39375 0.04765625 0.17109375
3 0.63828125 0.44609375 0.01484375 0.0734375
3 0.6609375 0.4484375 0.01875 0.08125
3 0.709375 0.4390625 0.02265625 0.09140625
3 0.78203125 0.42734375 0.02265625 0.10703125
3 0.765625 0.4375 0.02421875 0.103125
3 0.90234375 0.42265625 0.01875 0.09375
3 0.9359375 0.440625 0.028125 0.08125
5 0.16171875 0.82890625 0.26484375 0.275
5 0.4359375 0.04375 0.17734375 0.0875
4 0.80546875 0.428125 0.07109375 0.15703125