2 0.73671875 0.75703125 0.06015625 0.0515625
2 0.8640625 0.7796875 0.1046875 0.05546875
2 0.5953125 0.8265625 0.06875 0.05546875
0 0.6125 0.6640625 0.14921875 0.303125
6 0.5328125 0.1515625 0.084375 0.303125
6 0.79609375 0.2640625 0.11171875 0.04921875
6 0.6328125 0.27578125 0.1375 0.0484375
6 0.11015625 0.23984375 0.21953125 0.19453125
6 0.51640625 0.6859375 0.04453125 0.06484375
6 0.2703125 0.675 0.05390625 0.0625
6 0.8265625 0.68984375 0.346875 0.0546875
6 0.34140625 0.309375 0.24375 0.0703125