0 0.4328125 0.65625 0.15546875 0.2609375
2 0.203125 0.88203125 0.09609375 0.028125
3 0.753125 0.8390625 0.08515625 0.2890625
3 0.54375 0.7046875 0.03359375 0.0984375
3 0.52890625 0.69921875 0.03984375 0.109375
3 0.23515625 0.70703125 0.02578125 0.09296875
3 0.1953125 0.6703125 0.02421875 0.0703125
3 0.14921875 0.64921875 0.01796875 0.05390625
3 0.2515625 0.68515625 0.009375 0.09296875
3 0.5609375 0.31015625 0.015625 0.0796875
3 0.6078125 0.2984375 0.01953125 0.08515625
3 0.62890625 0.28671875 0.01796875 0.08515625
3 0.64765625 0.2796875 0.015625 0.09296875
3 0.66953125 0.27109375 0.021875 0.09453125
3 0.68828125 0.259375 0.01640625 0.11484375
3 0.71484375 0.2546875 0.021875 0.109375
3 0.74140625 0.2453125 0.01875 0.1015625
3 0.79296875 0.2203125 0.02734375 0.1109375
3 0.83046875 0.21171875 0.02890625 0.11328125
3 0.88046875 0.1984375 0.01171875 0.11875
3 0.89609375 0.19453125 0.02265625 0.11484375
3 0.8640625 0.2359375 0.02421875 0.05703125
3 0.79453125 0.609375 0.01171875 0.05546875
3 0.81484375 0.60703125 0.009375 0.059375
3 0.51875 0.65390625 0.01328125 0.0859375
3 0.5328125 0.6546875 0.015625 0.0796875