3 0.28203125 0.26015625 0.05625 0.22890625
3 0.02421875 0.34296875 0.04296875 0.10078125
3 0.11015625 0.34609375 0.03984375 0.11953125
3 0.24296875 0.37265625 0.021875 0.078125
3 0.2703125 0.3703125 0.02734375 0.08203125
3 0.30390625 0.3828125 0.01484375 0.07265625
3 0.3375 0.3828125 0.01875 0.05390625
3 0.50859375 0.2234375 0.05 0.2234375
0 0.4328125 0.4015625 0.13125 0.28125
3 0.584375 0.290625 0.0390625 0.16015625
3 0.63671875 0.29765625 0.03046875 0.1859375
3 0.61171875 0.33671875 0.02109375 0.11953125
3 0.8171875 0.39375 0.01484375 0.0765625
3 0.83203125 0.39296875 0.01484375 0.06328125
3 0.8453125 0.39140625 0.01015625 0.07109375
3 0.88828125 0.7078125 0.02109375 0.07109375
3 0.9484375 0.725 0.01953125 0.09140625
3 0.9734375 0.7328125 0.01796875 0.0875
3 0.99296875 0.73984375 0.0140625 0.0796875