0 0.85703125 0.4828125 0.2734375 0.33828125
1 0.45078125 0.35546875 0.09296875 0.04765625
3 0.1625 0.50703125 0.01328125 0.07734375
3 0.134375 0.5125 0.01640625 0.08515625
3 0.07265625 0.5234375 0.02421875 0.09453125
3 0.00234375 0.53984375 0.0046875 0.11484375
3 0.09921875 0.51875 0.01875 0.08125
3 0.11796875 0.515625 0.01796875 0.0828125
3 0.15078125 0.50703125 0.00859375 0.07734375
5 0.60390625 0.89921875 0.221875 0.2015625
5 0.51640625 0.0890625 0.34453125 0.178125
5 0.96875 0.5890625 0.0625 0.13125
4 0.8015625 0.44375 0.0265625 0.0546875
4 0.7984375 0.6125 0.0328125 0.05
4 0.94296875 0.5953125 0.025 0.04453125
4 0.93984375 0.4375 0.01953125 0.0390625