1 0.40625 0.58125 0.04609375 0.06640625
3 0.1640625 0.44921875 0.04921875 0.24609375
3 0.26171875 0.4640625 0.03671875 0.18359375
3 0.31171875 0.46875 0.03203125 0.1484375
3 0.3453125 0.47578125 0.028125 0.11875
3 0.121875 0.43828125 0.07890625 0.290625
3 0.28671875 0.465625 0.03515625 0.16484375
3 0.5109375 0.48515625 0.01328125 0.07421875
3 0.49296875 0.4796875 0.01484375 0.08125
3 0.45859375 0.48125 0.01328125 0.08125
3 0.47265625 0.48046875 0.01484375 0.08359375
3 0.41328125 0.475 0.02109375 0.10546875
5 0.71328125 0.9109375 0.28828125 0.17421875
5 0.90546875 0.028125 0.090625 0.05546875
4 0.39921875 0.46640625 0.06484375 0.1546875