0 0.4 0.4390625 0.225 0.25546875
3 0.10859375 0.31953125 0.03671875 0.09921875
3 0.15078125 0.33828125 0.03515625 0.08828125
3 0.08125 0.31484375 0.02734375 0.09296875
3 0.065625 0.3109375 0.01796875 0.08203125
3 0.0484375 0.29765625 0.03046875 0.10078125
3 0.00859375 0.2734375 0.0171875 0.11875
3 0.0234375 0.26953125 0.015625 0.05859375
3 0.02421875 0.315625 0.0140625 0.04609375
3 0.24140625 0.3734375 0.01796875 0.0703125
3 0.23125 0.3734375 0.01796875 0.0671875
3 0.28046875 0.38359375 0.00625 0.0609375
4 0.19765625 0.33984375 0.059375 0.146875