2 0.1796875 0.72109375 0.04296875 0.05703125
2 0.34453125 0.7140625 0.04375 0.04609375
0 0.4171875 0.609375 0.140625 0.29609375
2 0.45546875 0.7703125 0.08046875 0.06328125
5 0.92734375 0.66796875 0.14453125 0.13125
6 0.7859375 0.23984375 0.21328125 0.1875
6 0.5765625 0.2984375 0.2140625 0.034375
6 0.396875 0.13984375 0.06484375 0.2796875
6 0.28984375 0.2734375 0.1359375 0.04296875
6 0.13125 0.25859375 0.10703125 0.03828125
6 0.19296875 0.66171875 0.3859375 0.06015625
6 0.61328125 0.64140625 0.0515625 0.053125
6 0.76484375 0.634375 0.07109375 0.05