1 0.43125 0.55390625 0.0359375 0.16484375
3 0.16484375 0.6421875 0.05703125 0.27421875
3 0.35703125 0.57734375 0.03203125 0.1375
3 0.271875 0.6046875 0.04140625 0.190625
3 0.3234375 0.5875 0.03203125 0.15703125
3 0.4828125 0.559375 0.015625 0.09375
3 0.49921875 0.55546875 0.01484375 0.09765625
3 0.065625 0.68984375 0.0625 0.36953125
3 0.11640625 0.65703125 0.08359375 0.3078125
3 0.51875 0.55546875 0.01640625 0.08984375
3 0.540625 0.5515625 0.015625 0.07734375
5 0.78359375 0.08984375 0.29375 0.17890625
4 0.40625 0.59609375 0.0484375 0.14296875