1 0.45390625 0.43828125 0.06015625 0.09453125
3 0.24140625 0.30859375 0.03125 0.13515625
3 0.28984375 0.3296875 0.03125 0.10703125
3 0.19921875 0.2765625 0.04296875 0.1390625
3 0.26015625 0.3234375 0.01796875 0.109375
3 0.16328125 0.25859375 0.03046875 0.1390625
3 0.04921875 0.18046875 0.05 0.1984375
3 0.41015625 0.36953125 0.01484375 0.071875
3 0.46875 0.384375 0.01015625 0.0609375
3 0.45078125 0.3734375 0.0125 0.071875
3 0.42734375 0.371875 0.01796875 0.07421875
3 0.3546875 0.3515625 0.01953125 0.08125
5 0.79375 0.8265625 0.41171875 0.28359375
4 0.3375 0.334375 0.05859375 0.146875