1 0.453125 0.4703125 0.0875 0.07109375
3 0.16328125 0.38125 0.034375 0.14375
3 0.09140625 0.3765625 0.03515625 0.18046875
3 0.21484375 0.39609375 0.03984375 0.1375
3 0.29921875 0.4203125 0.01875 0.10390625
3 0.3484375 0.42890625 0.01640625 0.090625
3 0.36796875 0.43046875 0.01640625 0.084375
3 0.39140625 0.43203125 0.01875 0.084375
3 0.41171875 0.4359375 0.01796875 0.08046875
3 0.15703125 0.43125 0.0234375 0.0671875
5 0.603125 0.03671875 0.20546875 0.0734375
5 0.859375 0.87109375 0.28125 0.2578125
4 0.2671875 0.4125 0.0734375 0.15078125