8 0.42109375 0.5921875 0.03125 0.084375
8 0.4984375 0.58125 0.0265625 0.1125
8 0.5828125 0.58203125 0.01796875 0.10625
8 0.33203125 0.575 0.02265625 0.11640625
8 0.38359375 0.540625 0.0125 0.05625
8 0.465625 0.53984375 0.01171875 0.06328125
8 0.42421875 0.53125 0.01015625 0.03671875
8 0.51171875 0.54375 0.01328125 0.05703125
8 0.55390625 0.54921875 0.0109375 0.0484375
8 0.6 0.54609375 0.01015625 0.05546875
8 0.309375 0.540625 0.00859375 0.0609375
8 0.346875 0.54375 0.00703125 0.05234375
1 0.62421875 0.69453125 0.0734375 0.08515625