3 0.340625 0.5078125 0.02421875 0.125
3 0.30078125 0.51171875 0.03046875 0.1484375
3 0.2484375 0.51640625 0.02890625 0.178125
3 0.159375 0.52265625 0.0484375 0.228125
3 0.51015625 0.50703125 0.01015625 0.071875
3 0.49375 0.5109375 0.01328125 0.0875
3 0.4734375 0.5078125 0.01640625 0.09375
3 0.45546875 0.50703125 0.01640625 0.0921875
3 0.40859375 0.50859375 0.01875 0.11875
1 0.42890625 0.5796875 0.03984375 0.09765625
3 0.1234375 0.53203125 0.0640625 0.2640625
3 0.2703125 0.51171875 0.01796875 0.1640625
5 0.725 0.0859375 0.26796875 0.171875
4 0.39140625 0.51328125 0.0671875 0.1578125