8 0.278125 0.63984375 0.04609375 0.225
8 0.43828125 0.64921875 0.03828125 0.2078125
8 0.121875 0.65234375 0.05546875 0.184375
8 0.93046875 0.675 0.05625 0.21640625
8 0.76640625 0.65625 0.05546875 0.18515625
1 0.609375 0.6796875 0.0453125 0.18046875
3 0.20390625 0.57734375 0.021875 0.15625
3 0.18671875 0.5125 0.0171875 0.053125
3 0.184375 0.5953125 0.01484375 0.11015625
3 0.15859375 0.58046875 0.025 0.1390625
3 0.12734375 0.52890625 0.021875 0.0671875
3 0.084375 0.5625 0.02578125 0.1546875
3 0.11015625 0.52421875 0.015625 0.07265625
3 0.0421875 0.5828125 0.01640625 0.1265625
3 0.0625 0.5828125 0.0171875 0.128125
3 0.05859375 0.49921875 0.0203125 0.03984375
3 0.021875 0.56796875 0.0203125 0.14921875
3 0.00546875 0.515625 0.0109375 0.046875
3 0.04140625 0.503125 0.0140625 0.034375