0 0.5875 0.5609375 0.2359375 0.26796875
3 0.89375 0.68671875 0.03828125 0.10390625
3 0.84921875 0.6671875 0.03671875 0.09296875
3 0.921875 0.69140625 0.02890625 0.096875
3 0.93828125 0.6953125 0.01875 0.0859375
3 0.95625 0.709375 0.03203125 0.10546875
3 0.99453125 0.73515625 0.01015625 0.12421875
3 0.9828125 0.73828125 0.01640625 0.0609375
3 0.98203125 0.690625 0.01484375 0.0484375
3 0.75390625 0.6296875 0.01875 0.0734375
3 0.7640625 0.6296875 0.01875 0.07109375
3 0.7125 0.61875 0.00625 0.0640625
4 0.8 0.66484375 0.0625 0.15390625