1 0.4375 0.575 0.06875 0.0390625
3 0.0390625 0.446875 0.01328125 0.0796875
3 0.02109375 0.44296875 0.01328125 0.078125
3 0.05234375 0.45 0.0125 0.0703125
3 0.0078125 0.43828125 0.015625 0.090625
5 0.36328125 0.88984375 0.340625 0.2203125
5 0.478125 0.08984375 0.16640625 0.1796875
5 0.85546875 0.05625 0.0484375 0.1125
5 0.8703125 0.3015625 0.253125 0.2703125
5 0.92890625 0.9046875 0.14140625 0.190625
4 0.63515625 0.4921875 0.025 0.04765625
0 0.67109375 0.45390625 0.196875 0.278125
4 0.63125 0.346875 0.0265625 0.04140625
4 0.75390625 0.36328125 0.0203125 0.0375
4 0.759375 0.50703125 0.01484375 0.0453125