3 0.890625 0.53828125 0.02421875 0.14375
8 0.81015625 0.60390625 0.0375 0.16015625
8 0.91484375 0.58515625 0.03125 0.18359375
8 0.6765625 0.5984375 0.0421875 0.2015625
8 0.53203125 0.621875 0.04609375 0.18984375
8 0.19765625 0.634375 0.05546875 0.20859375
8 0.03203125 0.65234375 0.0640625 0.21953125
3 0.74921875 0.53671875 0.0234375 0.13515625
3 0.728125 0.5375 0.015625 0.140625
3 0.70703125 0.55234375 0.01640625 0.11796875
3 0.690625 0.55234375 0.0140625 0.11875
3 0.6359375 0.5421875 0.02265625 0.14375
3 0.60390625 0.55078125 0.02421875 0.134375
3 0.575 0.56640625 0.0171875 0.11171875
3 0.5625 0.54609375 0.01796875 0.1484375
3 0.57890625 0.4859375 0.01640625 0.0484375
3 0.6765625 0.47890625 0.01875 0.03828125
3 0.65078125 0.4796875 0.01484375 0.0328125
3 0.69765625 0.47421875 0.02109375 0.0375
3 0.7125 0.47734375 0.0125 0.0328125
1 0.38046875 0.6421875 0.05625 0.18203125