0 0.9609375 0.634375 0.078125 0.271875
1 0.45 0.5703125 0.075 0.1296875
3 0.12421875 0.58125 0.02578125 0.13671875
3 0.0734375 0.59609375 0.03046875 0.13671875
3 0.03203125 0.59609375 0.04453125 0.159375
3 0.34453125 0.546875 0.01328125 0.06875
3 0.3234375 0.5453125 0.01796875 0.07578125
3 0.278125 0.55390625 0.02109375 0.08515625
3 0.21015625 0.56484375 0.02109375 0.1
3 0.22578125 0.55546875 0.02265625 0.09609375
3 0.0984375 0.56953125 0.01796875 0.08671875
3 0.0671875 0.553125 0.02578125 0.07578125
5 0.7890625 0.190625 0.246875 0.25625
5 0.5328125 0.940625 0.165625 0.11875
4 0.18828125 0.5640625 0.06640625 0.146875