0 0.46953125 0.5390625 0.2234375 0.3765625
3 0.25625 0.67734375 0.01953125 0.0546875
3 0.2328125 0.68828125 0.01484375 0.05546875
3 0.2171875 0.69609375 0.015625 0.05546875
3 0.20078125 0.7 0.015625 0.04609375
3 0.17890625 0.70859375 0.01484375 0.04375
3 0.16328125 0.7234375 0.015625 0.0515625
3 0.1390625 0.7359375 0.0171875 0.05625
3 0.1515625 0.7296875 0.00703125 0.05703125
3 0.096875 0.76171875 0.0203125 0.06015625
3 0.0875 0.75859375 0.015625 0.05078125
3 0.075 0.77890625 0.00859375 0.0171875
3 0.0703125 0.778125 0.01328125 0.0671875
3 0.0578125 0.78046875 0.0171875 0.06875
3 0.03671875 0.79921875 0.0171875 0.06875
3 0.046875 0.7890625 0.0046875 0.0625
4 0.0296875 0.83203125 0.05859375 0.1484375