1 0.6453125 0.325 0.05703125 0.20546875
8 0.4375 0.33046875 0.0203125 0.12578125
8 0.51328125 0.32109375 0.0203125 0.1078125
8 0.359375 0.32421875 0.0234375 0.1046875
8 0.26328125 0.30859375 0.0296875 0.084375
8 0.5765625 0.4859375 0.0109375 0.06484375
8 0.52734375 0.48125 0.015625 0.0625
8 0.48515625 0.471875 0.009375 0.0515625
8 0.4390625 0.4734375 0.0109375 0.0609375
8 0.39296875 0.47421875 0.01015625 0.06328125
8 0.34296875 0.46640625 0.01640625 0.06328125
8 0.29375 0.46484375 0.01171875 0.06328125
8 0.24140625 0.4625 0.01015625 0.06328125