0 0.44453125 0.61640625 0.171875 0.140625
3 0.13359375 0.64609375 0.06171875 0.1484375
3 0.15234375 0.63828125 0.06171875 0.13515625
3 0.20859375 0.5609375 0.02109375 0.10703125
3 0.23828125 0.51953125 0.01484375 0.06484375
3 0.29921875 0.51484375 0.01328125 0.06640625
3 0.2828125 0.51328125 0.01015625 0.0734375
3 0.2578125 0.51171875 0.0078125 0.0703125
3 0.2734375 0.51328125 0.00859375 0.06328125
3 0.265625 0.5109375 0.00546875 0.059375
3 0.421875 0.76640625 0.040625 0.065625
3 0.5625 0.65390625 0.0296875 0.03984375
3 0.62265625 0.73359375 0.05546875 0.06328125