0 0.4453125 0.59296875 0.13203125 0.359375
2 0.55390625 0.759375 0.05859375 0.07421875
2 0.51796875 0.69609375 0.02109375 0.0484375
6 0.3625 0.14453125 0.06640625 0.2890625
5 0.9046875 0.596875 0.18828125 0.3015625
6 0.1671875 0.66640625 0.334375 0.084375
6 0.56640625 0.646875 0.04765625 0.05625
6 0.72421875 0.640625 0.0734375 0.04765625
6 0.76015625 0.23046875 0.209375 0.20625
6 0.53828125 0.30390625 0.23671875 0.06796875
6 0.2453125 0.2578125 0.140625 0.02734375
6 0.05703125 0.240625 0.1140625 0.053125