1 0.48359375 0.546875 0.065625 0.103125
3 0.2515625 0.68828125 0.034375 0.14765625
3 0.30390625 0.66484375 0.034375 0.1171875
3 0.20546875 0.72265625 0.046875 0.1515625
3 0.27109375 0.671875 0.01953125 0.11953125
3 0.165625 0.74296875 0.0328125 0.1515625
3 0.040625 0.828125 0.0546875 0.21640625
3 0.4359375 0.62109375 0.015625 0.07890625
3 0.49921875 0.60546875 0.01171875 0.0671875
3 0.48046875 0.6171875 0.01328125 0.07890625
3 0.4546875 0.61875 0.01953125 0.08125
3 0.375 0.640625 0.021875 0.0890625
5 0.8140625 0.13828125 0.371875 0.2765625
4 0.35625 0.66015625 0.0640625 0.16015625