8 0.60234375 0.5828125 0.00859375 0.06640625
8 0.65078125 0.59453125 0.0171875 0.06171875
8 0.70078125 0.596875 0.0125 0.06484375
8 0.55859375 0.5828125 0.0125 0.053125
8 0.51484375 0.5796875 0.01015625 0.0453125
8 0.4734375 0.5703125 0.0109375 0.05234375
8 0.52265625 0.84609375 0.01953125 0.11171875
8 0.5984375 0.853125 0.0234375 0.08984375
8 0.68671875 0.86875 0.034375 0.07578125
8 0.45390625 0.85234375 0.02265625 0.096875
8 0.76171875 0.85625 0.02421875 0.109375
1 0.3625 0.64609375 0.04609375 0.16328125