3 0.10859375 0.4578125 0.05625 0.2875
3 0.0640625 0.45703125 0.08046875 0.3296875
3 0.21796875 0.45546875 0.0453125 0.2109375
3 0.25390625 0.4640625 0.03125 0.1953125
3 0.2765625 0.4546875 0.03828125 0.18125
3 0.31640625 0.4625 0.03125 0.153125
3 0.43515625 0.47109375 0.015625 0.0921875
3 0.4734375 0.471875 0.01328125 0.08671875
3 0.453125 0.47265625 0.015625 0.08828125
3 0.4921875 0.471875 0.0171875 0.078125
1 0.39140625 0.48984375 0.04296875 0.13046875
5 0.709375 0.0484375 0.2640625 0.096875
5 0.94140625 0.96796875 0.1171875 0.0640625
4 0.36796875 0.47578125 0.0703125 0.1625