2 0.40625 0.71328125 0.04375 0.03671875
2 0.20546875 0.71640625 0.04296875 0.04453125
2 0.53359375 0.7546875 0.05859375 0.071875
0 0.465625 0.61953125 0.13984375 0.28359375
5 0.86015625 0.67578125 0.18046875 0.140625
6 0.3484375 0.1390625 0.06953125 0.278125
6 0.73046875 0.22890625 0.1953125 0.2015625
6 0.975 0.03515625 0.05 0.0703125
6 0.2265625 0.265625 0.1484375 0.0578125
6 0.0578125 0.24375 0.11328125 0.0390625
6 0.14921875 0.66171875 0.2984375 0.0734375
6 0.6890625 0.64453125 0.078125 0.06015625
6 0.5390625 0.64921875 0.03671875 0.05
6 0.515625 0.30390625 0.23046875 0.05859375