2 0.5875 0.14453125 0.04453125 0.0734375
2 0.6765625 0.21171875 0.04375 0.053125
2 0.70859375 0.22421875 0.0328125 0.04453125
0 0.49453125 0.31484375 0.1625 0.2953125
6 0.7265625 0.85234375 0.08203125 0.2953125
5 0.20859375 0.2359375 0.20859375 0.18359375
6 0.3109375 0.76796875 0.18203125 0.240625
6 0.5375 0.69140625 0.28125 0.034375
6 0.98984375 0.73203125 0.0203125 0.059375
6 0.84921875 0.72421875 0.1765625 0.05078125
6 0.9125 0.27734375 0.175 0.075
6 0.56015625 0.28515625 0.04140625 0.065625
6 0.36796875 0.2828125 0.115625 0.065625