8 0.44921875 0.66953125 0.05625 0.20859375
8 0.7859375 0.6796875 0.03984375 0.2140625
8 0.9515625 0.671875 0.0546875 0.18984375
8 0.290625 0.65546875 0.034375 0.21796875
8 0.12890625 0.665625 0.046875 0.17734375
8 0.015625 0.64453125 0.03125 0.20390625
1 0.6046875 0.68984375 0.03125 0.18203125
3 0.253125 0.59765625 0.02578125 0.140625
3 0.22265625 0.5890625 0.021875 0.15234375
3 0.2046875 0.58359375 0.01640625 0.15703125
3 0.18046875 0.578125 0.02421875 0.1515625
3 0.2984375 0.53046875 0.0203125 0.03359375
3 0.28046875 0.525 0.0171875 0.04453125
3 0.1625 0.60234375 0.0203125 0.12421875
3 0.09765625 0.584375 0.025 0.14765625
3 0.1546875 0.51875 0.02421875 0.04296875
3 0.1375 0.52109375 0.0140625 0.0359375
3 0.12109375 0.54375 0.01796875 0.0671875
3 0.14140625 0.55859375 0.02109375 0.03671875