3 0.14765625 0.46796875 0.05390625 0.26875
3 0.053125 0.44375 0.05859375 0.3609375
3 0.24921875 0.47421875 0.04453125 0.18125
3 0.3 0.48359375 0.02734375 0.1515625
3 0.27578125 0.478125 0.03671875 0.178125
3 0.446875 0.49453125 0.0125 0.0890625
3 0.3328125 0.48203125 0.028125 0.13515625
1 0.4 0.48828125 0.05390625 0.1390625
3 0.4625 0.4890625 0.0125 0.0890625
3 0.48125 0.48828125 0.01640625 0.08671875
3 0.49921875 0.4953125 0.015625 0.07578125
5 0.72109375 0.92109375 0.2375 0.15703125
5 0.91328125 0.02890625 0.09453125 0.05703125
4 0.3859375 0.48046875 0.0640625 0.15703125