0 0.48125 0.415625 0.17421875 0.1984375
3 0.2578125 0.48671875 0.01328125 0.0671875
3 0.28046875 0.48671875 0.00859375 0.07421875
3 0.325 0.4890625 0.0140625 0.071875
3 0.29765625 0.4875 0.009375 0.0703125
3 0.309375 0.48984375 0.0078125 0.071875
3 0.621875 0.22421875 0.09453125 0.08828125
3 0.49765625 0.21015625 0.0578125 0.0875
3 0.35859375 0.30546875 0.053125 0.05859375
3 0.3734375 0.353125 0.06484375 0.0375
3 0.67265625 0.25390625 0.06796875 0.04375
3 0.4265625 0.296875 0.07421875 0.053125
3 0.60390625 0.3578125 0.04765625 0.03203125
3 0.63828125 0.37734375 0.05078125 0.0203125