2 0.41484375 0.19609375 0.0421875 0.06875
2 0.33125 0.259375 0.040625 0.05
2 0.30078125 0.2703125 0.03125 0.0421875
0 0.50234375 0.35546875 0.15234375 0.27734375
6 0.28359375 0.8609375 0.07734375 0.278125
5 0.77109375 0.28203125 0.1953125 0.171875
6 0.67421875 0.78046875 0.17109375 0.22578125
6 0.4609375 0.709375 0.26484375 0.0328125
6 0.0234375 0.74765625 0.04609375 0.05546875
6 0.16875 0.73984375 0.165625 0.04765625
6 0.0953125 0.32109375 0.190625 0.0703125
6 0.43984375 0.32734375 0.0390625 0.06171875
6 0.62109375 0.32578125 0.10859375 0.06171875