0 0.03359375 0.3640625 0.0671875 0.28125
1 0.55546875 0.43046875 0.07734375 0.13359375
3 0.89140625 0.41875 0.0265625 0.14140625
3 0.94375 0.403125 0.03125 0.14140625
3 0.98203125 0.403125 0.0359375 0.1640625
3 0.66484375 0.45390625 0.0140625 0.07109375
3 0.6859375 0.45625 0.01796875 0.078125
3 0.7328125 0.44765625 0.021875 0.08828125
3 0.80234375 0.4359375 0.021875 0.103125
3 0.78671875 0.4453125 0.0234375 0.09921875
3 0.91796875 0.43125 0.01796875 0.08984375
3 0.95078125 0.4484375 0.0265625 0.078125
5 0.20546875 0.821875 0.2546875 0.2640625
5 0.46953125 0.0546875 0.17109375 0.109375
4 0.82578125 0.43671875 0.06875 0.1515625