8 0.5421875 0.3640625 0.05390625 0.2015625
8 0.21640625 0.3546875 0.03828125 0.20625
8 0.05625 0.3625 0.053125 0.18359375
8 0.6953125 0.378125 0.03359375 0.2109375
8 0.8515625 0.36796875 0.0453125 0.17109375
8 0.971875 0.38828125 0.05 0.196875
1 0.39140625 0.34453125 0.03046875 0.17578125
3 0.73203125 0.43359375 0.025 0.13515625
3 0.7609375 0.4421875 0.02109375 0.146875
3 0.77890625 0.446875 0.015625 0.1515625
3 0.8015625 0.45234375 0.0234375 0.14609375
3 0.6875 0.4984375 0.01953125 0.03203125
3 0.7046875 0.5046875 0.01640625 0.04296875
3 0.81953125 0.4296875 0.01953125 0.1203125
3 0.88203125 0.446875 0.02421875 0.14296875
3 0.8265625 0.51015625 0.0234375 0.04140625
3 0.84296875 0.5078125 0.0140625 0.034375
3 0.859375 0.4859375 0.01796875 0.06484375
3 0.83984375 0.471875 0.0203125 0.03515625