3 0.65234375 0.57265625 0.04375 0.25546875
3 0.69765625 0.5734375 0.03828125 0.2765625
3 0.7296875 0.56015625 0.05234375 0.22265625
3 0.81171875 0.553125 0.06953125 0.20859375
3 0.84609375 0.5421875 0.05 0.21484375
3 0.88984375 0.5390625 0.04375 0.18359375
3 0.8921875 0.446875 0.01640625 0.03515625
3 0.928125 0.5375 0.046875 0.1859375
3 0.29921875 0.578125 0.0359375 0.25546875
3 0.26484375 0.5640625 0.0421875 0.234375
3 0.15625 0.5515625 0.05546875 0.25546875
3 0.08125 0.55546875 0.06328125 0.259375
3 0.0375 0.540625 0.0390625 0.26484375
3 0.00703125 0.54453125 0.01328125 0.253125
0 0.49296875 0.41015625 0.1890625 0.23203125