3 0.14765625 0.51796875 0.05234375 0.26484375
3 0.10703125 0.51875 0.07421875 0.30390625
3 0.24921875 0.51953125 0.04140625 0.19453125
3 0.28203125 0.51171875 0.02890625 0.1796875
3 0.303125 0.5203125 0.03515625 0.16640625
3 0.33984375 0.51328125 0.02890625 0.140625
3 0.44921875 0.50546875 0.01484375 0.08515625
3 0.484375 0.5046875 0.0125 0.0796875
3 0.465625 0.50390625 0.01484375 0.08125
3 0.5015625 0.5046875 0.015625 0.071875
1 0.40859375 0.48828125 0.0390625 0.1203125
5 0.70234375 0.925 0.24375 0.15
5 0.93046875 0.0390625 0.13828125 0.078125
4 0.3875 0.50078125 0.06484375 0.14921875