1 0.53671875 0.52734375 0.03671875 0.08125
3 0.1796875 0.959375 0.03125 0.08125
3 0.4421875 0.80703125 0.0125 0.06328125
3 0.41875 0.8171875 0.01640625 0.0671875
3 0.36875 0.84296875 0.0140625 0.0671875
3 0.35703125 0.85 0.00703125 0.0734375
3 0.3203125 0.8734375 0.0078125 0.0734375
3 0.30703125 0.8890625 0.01015625 0.06953125
3 0.2890625 0.89296875 0.01640625 0.0734375
3 0.3859375 0.83671875 0.015625 0.0671875
3 0.403125 0.8234375 0.0109375 0.05546875
5 0.73671875 0.48984375 0.2921875 0.25078125
4 0.2578125 0.93125 0.05859375 0.1375