1 0.61484375 0.71640625 0.059375 0.21484375
8 0.3984375 0.7109375 0.02109375 0.13125
8 0.47734375 0.7203125 0.021875 0.1125
8 0.31796875 0.7171875 0.025 0.109375
8 0.2171875 0.73359375 0.03046875 0.0875
8 0.54296875 0.5484375 0.0109375 0.06796875
8 0.4921875 0.553125 0.015625 0.06484375
8 0.4484375 0.5625 0.009375 0.05390625
8 0.40078125 0.56171875 0.0109375 0.06328125
8 0.35234375 0.5609375 0.01015625 0.06640625
8 0.3 0.56953125 0.0171875 0.065625
8 0.24921875 0.5703125 0.0125 0.06640625
8 0.19453125 0.5734375 0.01015625 0.065625