1 0.5203125 0.42578125 0.0359375 0.0796875
3 0.16796875 0.0203125 0.03046875 0.03984375
3 0.4265625 0.14921875 0.01171875 0.0625
3 0.40390625 0.13984375 0.01640625 0.06640625
3 0.3546875 0.1140625 0.0140625 0.06640625
3 0.34296875 0.1078125 0.00625 0.071875
3 0.30625 0.084375 0.0078125 0.071875
3 0.29296875 0.06875 0.01015625 0.06875
3 0.275 0.0640625 0.01640625 0.071875
3 0.37109375 0.1203125 0.015625 0.06640625
3 0.38828125 0.13359375 0.0109375 0.0546875
5 0.71796875 0.4625 0.2890625 0.2484375
4 0.24453125 0.04765625 0.05859375 0.09453125