8 0.46171875 0.61328125 0.0453125 0.2140625
8 0.615625 0.59921875 0.03125 0.2203125
8 0.7703125 0.59921875 0.028125 0.1953125
8 0.91015625 0.58359375 0.04140625 0.20390625
8 0.09921875 0.61953125 0.040625 0.2359375
1 0.296875 0.64296875 0.0359375 0.175
3 0.6546875 0.53828125 0.02578125 0.14375
3 0.6875 0.5296875 0.021875 0.15546875
3 0.70625 0.525 0.0171875 0.16171875
3 0.8125 0.52421875 0.025 0.15
3 0.7890625 0.52578125 0.01875 0.1515625
3 0.73125 0.5203125 0.02265625 0.15625
3 0.74765625 0.53984375 0.01953125 0.1296875
3 0.76875 0.48984375 0.021875 0.02734375
3 0.75625 0.45546875 0.0234375 0.03828125
3 0.77109375 0.459375 0.015625 0.03515625
3 0.97890625 0.52890625 0.0390625 0.1578125