3 0.8515625 0.53515625 0.05546875 0.27578125
3 0.94921875 0.56015625 0.06015625 0.37109375
3 0.74765625 0.52890625 0.04609375 0.1859375
3 0.69609375 0.51875 0.028125 0.15625
3 0.72109375 0.525 0.0375 0.1828125
3 0.54453125 0.5078125 0.0125 0.09140625
3 0.66171875 0.5203125 0.02890625 0.1390625
1 0.59296875 0.5140625 0.05546875 0.14296875
3 0.52890625 0.51328125 0.0125 0.09140625
3 0.509375 0.5140625 0.0171875 0.0890625
3 0.490625 0.50703125 0.01640625 0.078125
5 0.26328125 0.075 0.24375 0.15
5 0.06640625 0.978125 0.09765625 0.04375
4 0.60703125 0.521875 0.065625 0.16171875