8 0.5796875 0.425 0.021875 0.1015625
8 0.4953125 0.421875 0.02421875 0.11328125
8 0.55546875 0.45390625 0.01328125 0.04921875
8 0.60078125 0.45703125 0.0109375 0.06015625
8 0.4171875 0.41015625 0.03125 0.08984375
8 0.328125 0.428125 0.021875 0.11875
8 0.38046875 0.4640625 0.0125 0.05625
8 0.42265625 0.47421875 0.0109375 0.03671875
8 0.465625 0.46328125 0.0125 0.06484375
8 0.51015625 0.459375 0.0140625 0.0609375
8 0.30546875 0.4671875 0.01015625 0.0609375
8 0.34296875 0.4609375 0.00703125 0.0546875
1 0.6265625 0.3078125 0.07109375 0.08984375