1 0.45546875 0.5390625 0.0859375 0.05078125
3 0.3203125 0.4421875 0.03046875 0.1328125
3 0.28671875 0.434375 0.034375 0.14453125
3 0.39296875 0.45703125 0.0234375 0.1140625
3 0.49453125 0.46875 0.0125 0.07109375
3 0.47578125 0.46796875 0.01484375 0.0765625
3 0.45625 0.46640625 0.015625 0.084375
3 0.44140625 0.4625 0.0125 0.084375
3 0.23046875 0.4296875 0.0296875 0.18359375
3 0.1234375 0.40546875 0.05234375 0.25078125
3 0.06875 0.3953125 0.05390625 0.27890625
3 0.25703125 0.43359375 0.0328125 0.17578125
5 0.7046875 0.0546875 0.19296875 0.109375
4 0.3734375 0.46015625 0.0625 0.14609375