0 0.5625 0.3546875 0.16875 0.3
2 0.4515625 0.2203125 0.06640625 0.07109375
2 0.49296875 0.28828125 0.01484375 0.04296875
2 0.60703125 0.275 0.01484375 0.0390625
5 0.096875 0.4234375 0.19296875 0.36875
6 0.8421875 0.3234375 0.315625 0.08125
6 0.64921875 0.86015625 0.06640625 0.2796875
6 0.76484375 0.7375 0.16171875 0.05546875
6 0.94453125 0.7640625 0.11015625 0.0359375
6 0.4421875 0.3390625 0.05234375 0.04609375
6 0.28359375 0.3515625 0.06953125 0.05859375
6 0.46875 0.69453125 0.2390625 0.05546875
6 0.2453125 0.7671875 0.2078125 0.20234375
6 0.00390625 0.9484375 0.0078125 0.075