1 0.47890625 0.55 0.0484375 0.1015625
3 0.19921875 0.83671875 0.02890625 0.109375
3 0.16953125 0.86640625 0.0328125 0.11171875
3 0.1390625 0.89140625 0.034375 0.11953125
3 0.11328125 0.91171875 0.034375 0.11328125
3 0.309375 0.78203125 0.0171875 0.084375
3 0.42890625 0.72421875 0.00859375 0.06953125
3 0.409375 0.7375 0.01484375 0.065625
3 0.3640625 0.75 0.01171875 0.07109375
3 0.35 0.7515625 0.01171875 0.07109375
3 0.32109375 0.77109375 0.0078125 0.075
3 0.37734375 0.740625 0.009375 0.0671875
3 0.39765625 0.734375 0.00625 0.0671875
3 0.38828125 0.734375 0.0109375 0.07109375
5 0.771875 0.4015625 0.45546875 0.39453125
4 0.27109375 0.8140625 0.05859375 0.16328125