1 0.29609375 0.64765625 0.06171875 0.18828125
8 0.41953125 0.5734375 0.0203125 0.121875
8 0.384375 0.53828125 0.0125 0.05390625
8 0.3375 0.5359375 0.0078125 0.0609375
8 0.4828125 0.53046875 0.0125 0.071875
8 0.5 0.5859375 0.0296875 0.09609375
8 0.5953125 0.56796875 0.02265625 0.12734375
8 0.571875 0.5296875 0.0140625 0.06484375
8 0.5265625 0.5328125 0.0125 0.0640625
8 0.6140625 0.5328125 0.01171875 0.05859375
8 0.65390625 0.528125 0.00859375 0.059375
8 0.6921875 0.52890625 0.009375 0.053125
8 0.68046875 0.5796875 0.028125 0.1015625