3 0.65859375 0.55546875 0.02578125 0.1453125
3 0.8859375 0.4859375 0.0234375 0.040625
8 0.80390625 0.61171875 0.04453125 0.14375
8 0.89609375 0.5859375 0.03828125 0.159375
8 0.9859375 0.571875 0.02734375 0.1484375
8 0.6921875 0.6140625 0.03984375 0.17890625
8 0.571875 0.63671875 0.05078125 0.17734375
8 0.2765625 0.68046875 0.06328125 0.2046875
8 0.1046875 0.70234375 0.059375 0.22265625
3 0.51953125 0.55703125 0.02421875 0.13984375
3 0.4921875 0.5609375 0.02265625 0.1453125
3 0.35625 0.58203125 0.02421875 0.13984375
3 0.3921875 0.57109375 0.0234375 0.15
3 0.41015625 0.5640625 0.01953125 0.1546875
3 0.321875 0.60078125 0.01953125 0.11640625
3 0.3078125 0.57890625 0.01953125 0.15234375
3 0.32890625 0.515625 0.02421875 0.0546875
3 0.4390625 0.5359375 0.01875 0.10703125
3 0.44921875 0.5546875 0.01796875 0.07265625
3 0.46796875 0.58046875 0.01796875 0.12421875
3 0.46015625 0.49765625 0.0203125 0.04140625
3 0.478125 0.49765625 0.0140625 0.0390625
1 0.43828125 0.67265625 0.025 0.16484375