1 0.41171875 0.6015625 0.0484375 0.0703125
3 0.15625 0.46171875 0.0515625 0.259375
3 0.26015625 0.47734375 0.03828125 0.19375
3 0.3125 0.4828125 0.034375 0.15625
3 0.34765625 0.490625 0.0296875 0.125
3 0.11171875 0.45 0.08359375 0.30625
3 0.2859375 0.4796875 0.0375 0.1734375
3 0.52265625 0.5 0.0140625 0.078125
3 0.503125 0.49375 0.015625 0.0859375
3 0.46796875 0.49609375 0.0140625 0.0859375
3 0.48203125 0.4953125 0.015625 0.0875
3 0.41953125 0.4890625 0.021875 0.1109375
5 0.7359375 0.92890625 0.3046875 0.1421875
5 0.9390625 0.0234375 0.0953125 0.046875
4 0.4046875 0.48046875 0.06796875 0.16328125