1 0.4640625 0.5109375 0.08203125 0.06640625
3 0.19140625 0.5953125 0.03203125 0.13515625
3 0.12265625 0.6 0.03359375 0.1703125
3 0.23984375 0.58125 0.0375 0.1296875
3 0.31953125 0.55859375 0.01796875 0.0984375
3 0.36484375 0.55 0.015625 0.08515625
3 0.38359375 0.54921875 0.015625 0.0796875
3 0.40546875 0.546875 0.01796875 0.0796875
3 0.425 0.54375 0.01640625 0.07578125
3 0.18515625 0.5484375 0.021875 0.06328125
5 0.6046875 0.9421875 0.19375 0.115625
5 0.85703125 0.128125 0.28515625 0.25546875
4 0.2890625 0.565625 0.06953125 0.1421875