8 0.55 0.6078125 0.04609375 0.19453125
8 0.221875 0.61640625 0.04765625 0.21171875
8 0.69296875 0.60234375 0.0296875 0.21640625
8 0.85625 0.61171875 0.04296875 0.18125
8 0.98828125 0.59140625 0.0234375 0.2046875
8 0.07890625 0.6203125 0.025 0.2015625
1 0.39140625 0.62578125 0.03671875 0.1234375
3 0.93359375 0.540625 0.02578125 0.13359375
3 0.9609375 0.53203125 0.02109375 0.14609375
3 0.88984375 0.5359375 0.0234375 0.15078125
3 0.91015625 0.5546875 0.015625 0.10703125
3 0.90546875 0.475 0.01796875 0.05078125
3 0.99375 0.46953125 0.0125 0.03984375
3 0.978125 0.46953125 0.01484375 0.03671875