1 0.63359375 0.29609375 0.075 0.18984375
8 0.31015625 0.37265625 0.034375 0.11953125
8 0.2265625 0.3625 0.02265625 0.0984375
8 0.4921875 0.37265625 0.03046875 0.1296875
8 0.42890625 0.41171875 0.0125 0.0640625
8 0.25703125 0.4171875 0.0125 0.0578125
8 0.3921875 0.36796875 0.02421875 0.11171875
8 0.58203125 0.3671875 0.02734375 0.1125
8 0.52890625 0.4109375 0.0125 0.07578125
8 0.3375 0.4125 0.0109375 0.05546875
8 0.5828125 0.440625 0.01171875 0.028125
8 0.3875 0.43515625 0.0109375 0.01953125
8 0.2921875 0.44296875 0.00859375 0.01796875