1 0.33046875 0.35859375 0.05 0.1875
8 0.70546875 0.425 0.01953125 0.10859375
8 0.4359375 0.46171875 0.01171875 0.0671875
8 0.571875 0.46171875 0.0109375 0.0578125
8 0.65390625 0.45859375 0.0109375 0.053125
8 0.61015625 0.46015625 0.01171875 0.053125
8 0.4625 0.4140625 0.02890625 0.10078125
8 0.53984375 0.42421875 0.0203125 0.1171875
8 0.6296875 0.41640625 0.01875 0.09453125
8 0.3859375 0.41171875 0.01875 0.09453125
8 0.48359375 0.46015625 0.01015625 0.0625
8 0.38671875 0.475 0.01015625 0.02890625