1 0.38046875 0.25703125 0.04609375 0.09609375
8 0.41328125 0.42890625 0.0265625 0.09375
8 0.48671875 0.42890625 0.03046875 0.09765625
8 0.5625 0.43359375 0.02109375 0.10234375
8 0.7265625 0.43359375 0.03125 0.11015625
8 0.7046875 0.49921875 0.0125 0.06171875
8 0.46953125 0.509375 0.0109375 0.0640625
8 0.65234375 0.44140625 0.025 0.1265625
8 0.428125 0.509375 0.00859375 0.0578125
8 0.51875 0.50390625 0.0125 0.0578125
8 0.56171875 0.50390625 0.00859375 0.03828125
8 0.6078125 0.4984375 0.009375 0.05703125
8 0.6515625 0.51953125 0.0078125 0.0296875
8 0.75625 0.4984375 0.009375 0.0671875