3 0.71328125 0.52578125 0.025 0.13828125
3 0.66640625 0.52109375 0.02109375 0.15
8 0.1296875 0.596875 0.040625 0.21328125
1 0.30390625 0.6203125 0.03515625 0.140625
8 0.92421875 0.5703125 0.0421875 0.20625
8 0.78359375 0.596875 0.0421875 0.171875
8 0.48125 0.59375 0.04609375 0.21328125
3 0.86484375 0.5125 0.02265625 0.15078125
8 0.63203125 0.58671875 0.03125 0.21875
3 0.7828125 0.475 0.02265625 0.0796875
3 0.74140625 0.51875 0.02109375 0.16015625
3 0.82265625 0.5296875 0.01875 0.125
3 0.80625 0.446875 0.01875 0.03671875
3 0.68515625 0.5421875 0.01640625 0.1109375
3 0.68515625 0.4578125 0.01875 0.05390625
3 0.80390625 0.528125 0.01875 0.128125
3 0.84375 0.5140625 0.0203125 0.15
3 0.7609375 0.51484375 0.0171875 0.1609375