3 0.096875 0.44296875 0.0328125 0.1953125
3 0.0640625 0.43671875 0.02734375 0.18046875
8 0.68828125 0.41015625 0.03125 0.20390625
8 0.55625 0.38125 0.0421875 0.20078125
8 0.99296875 0.45390625 0.0140625 0.1546875
8 0.81640625 0.415625 0.03984375 0.1609375
8 0.91796875 0.44140625 0.03515625 0.17421875
1 0.4265625 0.334375 0.034375 0.165625
3 0.01328125 0.42109375 0.0265625 0.18046875
3 0.19921875 0.446875 0.02890625 0.18046875
3 0.73359375 0.54609375 0.0234375 0.04296875
8 0.01640625 0.29921875 0.0328125 0.2390625
3 0.72734375 0.4703125 0.02265625 0.11640625
8 0.2078125 0.33671875 0.059375 0.24375
3 0.1625 0.53125 0.021875 0.04765625
3 0.1609375 0.42578125 0.02265625 0.1515625
3 0.1390625 0.42734375 0.0234375 0.15703125
3 0.2421875 0.46015625 0.03515625 0.16484375
3 0.40859375 0.45390625 0.0296875 0.18125
3 0.3234375 0.17421875 0.07890625 0.3484375