3 0.2140625 0.5734375 0.0234375 0.13671875
3 0.14453125 0.521875 0.025 0.08125
1 0.64375 0.6671875 0.046875 0.18125
8 0.0359375 0.6234375 0.03828125 0.20625
8 0.9640625 0.66328125 0.05859375 0.21015625
8 0.8015625 0.640625 0.06015625 0.1890625
8 0.1703125 0.64375 0.04765625 0.17265625
3 0.2578125 0.56953125 0.02109375 0.1484375
8 0.31875 0.63203125 0.034375 0.209375
3 0.084375 0.56328125 0.01953125 0.14765625
3 0.06328125 0.5609375 0.0234375 0.1453125
8 0.45390625 0.6453125 0.025 0.1875
3 0.184375 0.56328125 0.021875 0.14140625
3 0.11796875 0.49375 0.01875 0.034375
3 0.12578125 0.57734375 0.01875 0.11796875
3 0.23984375 0.5078125 0.01484375 0.05390625
3 0.23984375 0.5890625 0.01484375 0.10703125