8 0.5546875 0.1328125 0.021875 0.075
8 0.41796875 0.14296875 0.02109375 0.06640625
8 0.49140625 0.1359375 0.01875 0.08359375
8 0.60625 0.44609375 0.015625 0.05703125
8 0.6296875 0.1234375 0.03125 0.06484375
1 0.30625 0.434375 0.03984375 0.16328125
8 0.65078125 0.43984375 0.015625 0.059375
8 0.69453125 0.43359375 0.01171875 0.06015625
8 0.48203125 0.46484375 0.01015625 0.04375
8 0.52265625 0.459375 0.01015625 0.0484375
8 0.56171875 0.45546875 0.00859375 0.05703125
8 0.44609375 0.47578125 0.01015625 0.05546875
8 0.403125 0.484375 0.00703125 0.0546875