3 0.88984375 0.55625 0.0265625 0.14375
3 0.60078125 0.56953125 0.025 0.1375
3 0.74765625 0.55625 0.02421875 0.1359375
8 0.8203125 0.62890625 0.05 0.1640625
8 0.934375 0.60703125 0.0484375 0.17734375
8 0.225 0.65859375 0.05859375 0.21328125
1 0.38359375 0.67109375 0.03984375 0.171875
8 0.68828125 0.625 0.04453125 0.1984375
8 0.0515625 0.66640625 0.05078125 0.2203125
3 0.63203125 0.56171875 0.02109375 0.1484375
8 0.54375 0.63828125 0.05 0.19140625
3 0.6734375 0.553125 0.021875 0.14921875
3 0.57578125 0.50703125 0.01953125 0.053125
3 0.69765625 0.49453125 0.02109375 0.03671875