3 0.76640625 0.5515625 0.02421875 0.13828125
8 0.8765625 0.59765625 0.03046875 0.1640625
8 0.78515625 0.62109375 0.04609375 0.15390625
8 0.23203125 0.6859375 0.06171875 0.21015625
3 0.44609375 0.56875 0.021875 0.1484375
3 0.4921875 0.57265625 0.0234375 0.13203125
3 0.56484375 0.51953125 0.0203125 0.08203125
8 0.66875 0.62578125 0.03203125 0.18359375
1 0.40625 0.67890625 0.0515625 0.1734375
3 0.52265625 0.56171875 0.02109375 0.14296875
8 0.5453125 0.65078125 0.04453125 0.171875
8 0.975 0.58203125 0.03203125 0.15546875
3 0.61328125 0.5609375 0.01953125 0.1234375
8 0.05390625 0.71015625 0.071875 0.228125
3 0.54140625 0.52265625 0.01796875 0.0734375
3 0.96875 0.490625 0.01953125 0.03984375
3 0.5875 0.49296875 0.01953125 0.0359375
3 0.6359375 0.54921875 0.0234375 0.13203125