1 0.7125 0.48359375 0.03671875 0.1546875
8 0.37265625 0.0734375 0.0171875 0.075
8 0.4328125 0.06796875 0.0265625 0.05703125
8 0.503125 0.0796875 0.0203125 0.0625
8 0.56015625 0.08671875 0.01484375 0.0640625
8 0.3796875 0.4515625 0.0140625 0.0671875
8 0.33359375 0.4484375 0.00703125 0.05078125
8 0.42109375 0.4625 0.0125 0.05703125
8 0.46640625 0.47890625 0.00703125 0.06328125
8 0.50625 0.48125 0.00859375 0.053125
8 0.54765625 0.48828125 0.00859375 0.05078125
8 0.58359375 0.50078125 0.0125 0.0625
8 0.625 0.51015625 0.009375 0.0578125