3 0.7578125 0.528125 0.02890625 0.09453125
8 0.75078125 0.62265625 0.0515625 0.14375
3 0.44296875 0.56640625 0.0203125 0.14609375
8 0.84921875 0.59296875 0.03671875 0.16953125
8 0.5140625 0.65390625 0.05546875 0.18203125
8 0.95 0.578125 0.03203125 0.1703125
3 0.51875 0.54765625 0.01953125 0.12109375
3 0.55859375 0.5484375 0.02109375 0.14296875
8 0.6375 0.63515625 0.05 0.16484375
8 0.1875 0.68828125 0.05 0.22109375
3 0.48671875 0.56640625 0.02421875 0.128125
8 0.0171875 0.71328125 0.034375 0.2296875
3 0.58125 0.490625 0.01796875 0.03828125
1 0.3859375 0.64609375 0.03828125 0.228125
3 0.60859375 0.553125 0.01875 0.13125