8 0.52421875 0.9234375 0.0234375 0.08203125
8 0.37421875 0.9125 0.02265625 0.07265625
8 0.4546875 0.91953125 0.02109375 0.09140625
8 0.58046875 0.58046875 0.01640625 0.0625
8 0.60546875 0.93359375 0.03359375 0.0703125
1 0.2515625 0.59296875 0.04296875 0.178125
8 0.62890625 0.5875 0.01640625 0.06484375
8 0.6765625 0.59453125 0.0125 0.065625
8 0.44375 0.56015625 0.0109375 0.0484375
8 0.48828125 0.565625 0.01171875 0.053125
8 0.53125 0.5703125 0.01015625 0.0625
8 0.4046875 0.54765625 0.01171875 0.06015625
8 0.3578125 0.53828125 0.0078125 0.059375