3 0.6078125 0.43125 0.025 0.15078125
8 0.95625 0.41328125 0.0296875 0.1484375
8 0.77265625 0.37578125 0.034375 0.1421875
1 0.40390625 0.3140625 0.04609375 0.16953125
8 0.86015625 0.39921875 0.034375 0.15546875
8 0.2265625 0.303125 0.0484375 0.20859375
3 0.4375 0.4265625 0.0234375 0.146875
8 0.53359375 0.3453125 0.0453125 0.1796875
8 0.6578125 0.36953125 0.03046875 0.1859375
3 0.29453125 0.40234375 0.02421875 0.14296875
3 0.46484375 0.4296875 0.0234375 0.15
8 0.04609375 0.28046875 0.05546875 0.22890625
3 0.24765625 0.40546875 0.0203125 0.1640625
3 0.83984375 0.4984375 0.0203125 0.04609375
3 0.38515625 0.44921875 0.0203125 0.115625
3 0.4140625 0.41015625 0.021875 0.12421875
3 0.3375 0.41796875 0.025 0.159375
3 0.40625 0.49140625 0.021875 0.0421875