3 0.23671875 0.5359375 0.0296875 0.0984375
8 0.24375 0.634375 0.053125 0.14921875
3 0.56328125 0.57578125 0.02109375 0.1515625
8 0.1421875 0.603125 0.03828125 0.17578125
8 0.48984375 0.6671875 0.05703125 0.1890625
8 0.0375 0.5875 0.0328125 0.1765625
3 0.48515625 0.55625 0.0203125 0.12578125
3 0.44296875 0.55703125 0.021875 0.1484375
8 0.36171875 0.646875 0.0515625 0.17109375
8 0.82890625 0.70234375 0.0515625 0.2296875
3 0.51875 0.57578125 0.025 0.1328125
8 0.99375 0.728125 0.0125 0.2375
3 0.4203125 0.496875 0.01875 0.0390625
1 0.62265625 0.65859375 0.03984375 0.23671875
3 0.3921875 0.56171875 0.01953125 0.13671875