3 0.78671875 0.4359375 0.03125 0.103125
8 0.77890625 0.3328125 0.05625 0.15703125
3 0.44296875 0.39375 0.021875 0.16015625
8 0.88671875 0.36484375 0.040625 0.18515625
8 0.5203125 0.2984375 0.06015625 0.19921875
8 0.9890625 0.38203125 0.021875 0.1859375
3 0.52578125 0.41484375 0.021875 0.1328125
3 0.56953125 0.4140625 0.02265625 0.15625
8 0.65546875 0.31875 0.0546875 0.18046875
8 0.1640625 0.2609375 0.0546875 0.2421875
3 0.490625 0.39375 0.02578125 0.13984375
3 0.59375 0.47734375 0.01953125 0.04140625
1 0.38046875 0.30703125 0.04140625 0.24921875
3 0.6234375 0.40859375 0.0203125 0.14375