3 0.7046875 0.321875 0.01953125 0.0765625
3 0.7546875 0.31015625 0.0203125 0.08046875
3 0.77734375 0.30546875 0.021875 0.08359375
3 0.7984375 0.30234375 0.01796875 0.07890625
3 0.82109375 0.290625 0.0234375 0.08984375
3 0.84140625 0.2828125 0.01640625 0.09921875
3 0.85625 0.278125 0.01171875 0.10234375
3 0.87109375 0.27734375 0.015625 0.10390625
3 0.89921875 0.275 0.0234375 0.0890625
3 0.9453125 0.2578125 0.0390625 0.109375
3 0.9859375 0.2484375 0.02734375 0.10703125
3 0.3765625 0.76640625 0.0671875 0.1390625
3 0.33984375 0.69140625 0.04140625 0.0953125
3 0.5546875 0.70078125 0.021875 0.11328125
3 0.5875 0.7140625 0.02421875 0.1203125
3 0.634375 0.7265625 0.025 0.11484375
3 0.6515625 0.6890625 0.01640625 0.10390625
3 0.646875 0.61328125 0.01328125 0.04140625
3 0.6671875 0.63984375 0.0140625 0.071875
3 0.09375 0.6515625 0.02109375 0.0765625
3 0.23046875 0.6421875 0.0296875 0.046875
3 0.8640625 0.590625 0.01171875 0.05
3 0.88984375 0.58984375 0.01171875 0.05234375
0 0.43671875 0.62421875 0.175 0.26640625