3 0.11171875 0.75390625 0.075 0.32421875
3 0.38125 0.58828125 0.0484375 0.2703125
3 0.33671875 0.58671875 0.0359375 0.21875
3 0.296875 0.6359375 0.0375 0.25
3 0.22109375 0.6234375 0.0453125 0.1953125
3 0.26015625 0.62890625 0.03125 0.21171875
3 0.50859375 0.46640625 0.03125 0.19296875
3 0.4578125 0.51875 0.03984375 0.225
3 0.61171875 0.3359375 0.01796875 0.11328125
3 0.5921875 0.29765625 0.01484375 0.05859375
3 0.55234375 0.4171875 0.0234375 0.14375
3 0.57421875 0.321875 0.01328125 0.0640625
3 0.56171875 0.328125 0.01015625 0.04453125
3 0.47734375 0.434375 0.03125 0.1078125
1 0.42421875 0.55390625 0.0265625 0.12578125