3 0.0984375 0.82265625 0.0765625 0.33125
3 0.37421875 0.653125 0.05 0.2765625
3 0.328125 0.6515625 0.03671875 0.2234375
3 0.2875 0.7015625 0.03828125 0.25625
3 0.21015625 0.6890625 0.046875 0.19921875
3 0.25 0.69453125 0.03203125 0.21640625
3 0.5046875 0.528125 0.03203125 0.196875
3 0.45234375 0.58203125 0.040625 0.23046875
3 0.61015625 0.39453125 0.01875 0.115625
3 0.590625 0.35625 0.01484375 0.06015625
3 0.54921875 0.478125 0.02421875 0.146875
3 0.571875 0.38046875 0.01328125 0.06484375
3 0.55859375 0.38671875 0.0109375 0.0453125
3 0.47265625 0.4953125 0.03203125 0.11015625
1 0.41875 0.61796875 0.02734375 0.12890625