3 0.29921875 0.32421875 0.01953125 0.078125
3 0.24765625 0.31171875 0.02109375 0.08203125
3 0.22421875 0.30703125 0.02265625 0.08515625
3 0.203125 0.303125 0.01796875 0.08046875
3 0.18046875 0.2921875 0.0234375 0.09140625
3 0.15859375 0.28359375 0.0171875 0.1015625
3 0.14453125 0.2796875 0.01171875 0.10390625
3 0.12890625 0.27890625 0.01640625 0.10546875
3 0.10078125 0.27578125 0.02421875 0.09140625
3 0.053125 0.25859375 0.03984375 0.11171875
3 0.01328125 0.2484375 0.0265625 0.109375
3 0.63359375 0.77734375 0.06796875 0.14140625
3 0.67109375 0.7015625 0.04296875 0.09765625
3 0.45234375 0.7109375 0.02265625 0.115625
3 0.41875 0.72421875 0.02421875 0.12265625
3 0.3703125 0.7375 0.02578125 0.1171875
3 0.353125 0.6984375 0.01640625 0.10546875
3 0.35859375 0.62109375 0.01328125 0.0421875
3 0.33671875 0.6484375 0.0140625 0.0734375
3 0.92265625 0.66015625 0.021875 0.078125
3 0.7828125 0.65078125 0.03046875 0.04765625
3 0.1359375 0.5984375 0.01171875 0.05078125
3 0.11015625 0.59765625 0.01171875 0.053125
0 0.57265625 0.6328125 0.17890625 0.271875