3 0.69296875 0.54296875 0.0296875 0.2
3 0.76484375 0.57109375 0.0484375 0.19375
3 0.50703125 0.40234375 0.01640625 0.1296875
3 0.5234375 0.390625 0.0125 0.1234375
3 0.54375 0.41171875 0.01953125 0.1109375
3 0.65859375 0.51171875 0.04140625 0.1859375
3 0.809375 0.584375 0.034375 0.178125
3 0.92109375 0.61484375 0.03984375 0.18046875
3 0.884375 0.6203125 0.0328125 0.19375
3 0.84921875 0.6203125 0.0359375 0.19921875
3 0.628125 0.49140625 0.01875 0.1609375
3 0.58515625 0.45390625 0.0203125 0.1203125
3 0.565625 0.425 0.01796875 0.12890625
1 0.60625 0.621875 0.03671875 0.13203125