0 0.39453125 0.32578125 0.18046875 0.321875
2 0.51328125 0.18125 0.07109375 0.0765625
2 0.46875 0.2546875 0.015625 0.04609375
2 0.346875 0.240625 0.015625 0.0421875
5 0.8953125 0.39921875 0.209375 0.39609375
6 0.13125 0.2921875 0.2625 0.0875
6 0.3 0.859375 0.071875 0.28125
6 0.17734375 0.73671875 0.1734375 0.06015625
6 0.02109375 0.76640625 0.0421875 0.0390625
6 0.52421875 0.309375 0.05625 0.04921875
6 0.69375 0.32265625 0.07421875 0.0625
6 0.4953125 0.690625 0.25625 0.059375
6 0.73515625 0.76875 0.22265625 0.2171875
6 0.99453125 0.96171875 0.01015625 0.0765625