2 0.62265625 0.74453125 0.0203125 0.053125
2 0.4484375 0.78671875 0.06875 0.07421875
0 0.553125 0.65703125 0.1625 0.30390625
5 0.1015625 0.54921875 0.20234375 0.446875
6 0.24921875 0.2265625 0.21015625 0.20078125
6 0.47265625 0.28828125 0.2453125 0.0390625
6 0.65703125 0.13515625 0.0671875 0.2703125
6 0.790625 0.26015625 0.1375 0.05078125
6 0.94765625 0.24140625 0.1046875 0.0578125
6 0.84921875 0.68515625 0.3015625 0.08359375
6 0.4515625 0.671875 0.05234375 0.053125
6 0.26953125 0.66171875 0.1078125 0.0625
6 0.0078125 0.03828125 0.0125 0.0765625