1 0.63046875 0.63125 0.0265625 0.11875
8 0.46953125 0.61484375 0.0484375 0.18359375
8 0.32734375 0.61015625 0.03203125 0.20859375
8 0.16640625 0.6203125 0.0515625 0.1765625
8 0.025 0.58984375 0.046875 0.2125
8 0.79140625 0.62421875 0.04609375 0.20703125
8 0.93828125 0.63203125 0.03125 0.19921875
3 0.09296875 0.54921875 0.02578125 0.1296875
3 0.06484375 0.54140625 0.021875 0.14375
3 0.13515625 0.5453125 0.02265625 0.146875
3 0.1203125 0.4859375 0.01640625 0.05
3 0.11875 0.56484375 0.01875 0.1046875
3 0.0234375 0.475 0.015625 0.028125
3 0.00234375 0.4703125 0.00390625 0.03046875