0 0.45546875 0.45625 0.21640625 0.36484375
3 0.24921875 0.32265625 0.01875 0.053125
3 0.2265625 0.31171875 0.0140625 0.05390625
3 0.2109375 0.3046875 0.01484375 0.05390625
3 0.1953125 0.30078125 0.01484375 0.04453125
3 0.1734375 0.29296875 0.0140625 0.04296875
3 0.15859375 0.278125 0.01484375 0.05
3 0.13515625 0.26640625 0.01640625 0.0546875
3 0.146875 0.271875 0.00703125 0.05546875
3 0.09453125 0.24140625 0.01953125 0.05859375
3 0.08515625 0.24375 0.01484375 0.04921875
3 0.07265625 0.22421875 0.00859375 0.01640625
3 0.06875 0.225 0.01328125 0.06484375
3 0.05703125 0.2234375 0.01640625 0.06640625
3 0.03671875 0.2046875 0.01640625 0.06640625
3 0.0453125 0.2140625 0.0046875 0.06015625
4 0.02890625 0.1734375 0.05703125 0.14296875