0 0.53984375 0.571875 0.2421875 0.40859375
3 0.77109375 0.72109375 0.02109375 0.059375
3 0.79609375 0.73359375 0.015625 0.06015625
3 0.81328125 0.74140625 0.0171875 0.06015625
3 0.83125 0.74609375 0.0171875 0.05
3 0.85546875 0.75546875 0.015625 0.04765625
3 0.871875 0.771875 0.0171875 0.05625
3 0.89765625 0.784375 0.01875 0.0609375
3 0.88515625 0.778125 0.0078125 0.0625
3 0.94375 0.8125 0.021875 0.065625
3 0.95390625 0.809375 0.0171875 0.0546875
3 0.96796875 0.83203125 0.009375 0.01875
3 0.97265625 0.83125 0.01484375 0.07265625
3 0.9859375 0.8328125 0.01875 0.075
3 0.99765625 0.84296875 0.00390625 0.0671875
4 0.99296875 0.88984375 0.0140625 0.1609375