1 0.3984375 0.6875 0.025 0.1671875
8 0.215625 0.7 0.0625 0.21171875
8 0.0390625 0.72734375 0.078125 0.2328125
8 0.53515625 0.6578125 0.04609375 0.17890625
8 0.65234375 0.628125 0.03125 0.18671875
8 0.7640625 0.62578125 0.03984375 0.14765625
8 0.853125 0.5984375 0.02734375 0.1625
8 0.9453125 0.58515625 0.02890625 0.14296875
3 0.91875 0.7078125 0.05234375 0.246875
3 0.1671875 0.621875 0.0203125 0.12578125
3 0.153125 0.59921875 0.02265625 0.16328125
3 0.17890625 0.59296875 0.03046875 0.18515625
3 0.20859375 0.60625 0.02734375 0.159375
3 0.2515625 0.58984375 0.02578125 0.159375
3 0.2734375 0.58359375 0.0234375 0.1671875
3 0.3125 0.59609375 0.015625 0.1234375
3 0.33203125 0.6 0.02109375 0.13046875
3 0.3609375 0.57890625 0.02578125 0.15
3 0.39296875 0.5515625 0.0265625 0.103125
3 0.309375 0.5421875 0.0203125 0.096875
3 0.32890625 0.51171875 0.01640625 0.04296875
3 0.3453125 0.5140625 0.015625 0.0453125
3 0.5390625 0.5328125 0.0265625 0.06875
3 0.790625 0.54921875 0.03046875 0.1265625