8 0.5546875 0.484375 0.009375 0.05859375
8 0.59921875 0.47109375 0.015625 0.05546875
8 0.64296875 0.4640625 0.01171875 0.05546875
8 0.68671875 0.45703125 0.01015625 0.05546875
8 0.515625 0.4890625 0.00859375 0.04921875
8 0.475 0.49375 0.00859375 0.040625
8 0.43828125 0.5078125 0.0109375 0.05390625
8 0.45390625 0.13984375 0.01953125 0.08359375
8 0.521875 0.12890625 0.025 0.071875
8 0.59453125 0.11328125 0.028125 0.0625
8 0.65625 0.121875 0.02265625 0.08125
8 0.7328125 0.44375 0.01875 0.046875
1 0.3328125 0.4640625 0.04140625 0.1625