3 0.09609375 0.53828125 0.059375 0.29375
3 0.0125 0.56484375 0.02421875 0.39453125
3 0.20703125 0.53125 0.04921875 0.1984375
3 0.2625 0.52109375 0.0296875 0.165625
3 0.23515625 0.52734375 0.03984375 0.19453125
3 0.42265625 0.509375 0.01328125 0.096875
3 0.2984375 0.52265625 0.03046875 0.14765625
1 0.37109375 0.51640625 0.059375 0.1515625
3 0.43984375 0.51484375 0.01328125 0.096875
3 0.46015625 0.51640625 0.01796875 0.0953125
3 0.48046875 0.5078125 0.0171875 0.0828125
5 0.721875 0.06484375 0.259375 0.1296875
5 0.93125 0.99375 0.103125 0.0125
4 0.35625 0.52421875 0.0703125 0.171875