1 0.546875 0.678125 0.0828125 0.16796875
8 0.409375 0.58984375 0.02421875 0.1171875
8 0.50390625 0.59609375 0.0234375 0.1171875
8 0.58125 0.55703125 0.01875 0.07109375
8 0.659375 0.58984375 0.02109375 0.1109375
8 0.46640625 0.5484375 0.0140625 0.0578125
8 0.3765625 0.5453125 0.01015625 0.06015625
8 0.55703125 0.55078125 0.00859375 0.0578125
8 0.6046875 0.54765625 0.01171875 0.06484375
8 0.703125 0.5484375 0.00859375 0.0671875
8 0.34453125 0.6015625 0.0125 0.07890625
8 0.421875 0.5421875 0.01328125 0.06328125