1 0.5515625 0.4203125 0.07421875 0.0421875
3 0.98359375 0.559375 0.01484375 0.08671875
3 0.99765625 0.5640625 0.0046875 0.084375
3 0.96953125 0.55625 0.01328125 0.0765625
5 0.63203125 0.09921875 0.36953125 0.1984375
5 0.50703125 0.925 0.18046875 0.15
5 0.096875 0.9609375 0.05234375 0.07734375
5 0.11015625 0.7171875 0.2203125 0.29375
5 0.04765625 0.0828125 0.09453125 0.165625
4 0.33671875 0.51015625 0.02734375 0.0515625
0 0.29765625 0.55234375 0.21328125 0.3015625
4 0.34140625 0.66875 0.02890625 0.0453125
4 0.20859375 0.65078125 0.021875 0.040625
4 0.20234375 0.49453125 0.015625 0.04921875