0 0.571875 0.48359375 0.24609375 0.3484375
5 0.5671875 0.92265625 0.15625 0.1546875
5 0.3609375 0.02578125 0.09296875 0.0515625
3 0.7140625 0.52890625 0.02109375 0.06484375
3 0.73515625 0.5296875 0.0171875 0.07421875
3 0.74609375 0.5296875 0.01875 0.071875
3 0.76328125 0.53671875 0.0171875 0.0671875
3 0.784375 0.53984375 0.0171875 0.06875
3 0.8 0.5390625 0.0140625 0.078125
3 0.81015625 0.5375 0.01640625 0.08125
3 0.85390625 0.55078125 0.0234375 0.0984375
3 0.86953125 0.55234375 0.0125 0.0921875
3 0.88828125 0.5671875 0.01875 0.06875
3 0.96015625 0.56953125 0.03671875 0.1109375
3 0.9953125 0.575 0.00859375 0.12890625
4 0.90859375 0.54375 0.0703125 0.1453125