1 0.403125 0.46953125 0.03359375 0.15390625
3 0.1546875 0.38671875 0.053125 0.25546875
3 0.33359375 0.446875 0.03046875 0.128125
3 0.2546875 0.421875 0.03828125 0.178125
3 0.30234375 0.43828125 0.03046875 0.14609375
3 0.45078125 0.4640625 0.01484375 0.08671875
3 0.46640625 0.46796875 0.01328125 0.090625
3 0.0625 0.34296875 0.05859375 0.34453125
3 0.11015625 0.3734375 0.078125 0.28671875
3 0.48515625 0.46796875 0.015625 0.08359375
3 0.50546875 0.47109375 0.01484375 0.071875
5 0.73203125 0.909375 0.27421875 0.18125
4 0.3796875 0.4296875 0.0453125 0.13359375