8 0.578125 0.578125 0.021875 0.1
8 0.49609375 0.58125 0.02421875 0.11171875
8 0.55390625 0.55 0.0125 0.0484375
8 0.59921875 0.546875 0.0109375 0.05859375
8 0.41796875 0.59296875 0.03046875 0.08828125
8 0.33125 0.575 0.021875 0.1171875
8 0.3828125 0.53984375 0.0125 0.0546875
8 0.4234375 0.53046875 0.0109375 0.0359375
8 0.465625 0.540625 0.01171875 0.06328125
8 0.51015625 0.54453125 0.0140625 0.059375
8 0.30859375 0.5375 0.01015625 0.059375
8 0.3453125 0.54296875 0.00625 0.053125
1 0.625 0.69375 0.0703125 0.08828125