8 0.58828125 0.4625 0.015625 0.05390625
8 0.5453125 0.47578125 0.009375 0.05703125
8 0.63125 0.45546875 0.01328125 0.05546875
8 0.67421875 0.4484375 0.01015625 0.05625
8 0.71953125 0.43515625 0.01875 0.046875
8 0.50703125 0.47890625 0.00859375 0.046875
8 0.46796875 0.4828125 0.0078125 0.0390625
8 0.5828125 0.1140625 0.02734375 0.06015625
8 0.5109375 0.1296875 0.0203125 0.06640625
8 0.64453125 0.121875 0.02109375 0.0828125
8 0.44609375 0.140625 0.01875 0.08046875
1 0.33125 0.4609375 0.04296875 0.1578125