4 0.97578125 0.04375 0.04765625 0.08671875
1 0.51328125 0.45078125 0.034375 0.07578125
3 0.17890625 0.04296875 0.02890625 0.08515625
3 0.42421875 0.1890625 0.01171875 0.059375
3 0.40234375 0.1796875 0.015625 0.06328125
3 0.35546875 0.15546875 0.01328125 0.06328125
3 0.34453125 0.14921875 0.00625 0.06875
3 0.31015625 0.1265625 0.00703125 0.06875
3 0.29765625 0.11171875 0.009375 0.06484375
3 0.28046875 0.10859375 0.015625 0.06875
3 0.371875 0.1609375 0.01484375 0.06328125
3 0.3875 0.17421875 0.01015625 0.0515625
5 0.70078125 0.4859375 0.27421875 0.23515625
4 0.2515625 0.06875 0.05546875 0.1375