1 0.48671875 0.46015625 0.046875 0.0984375
3 0.2171875 0.184375 0.028125 0.10546875
3 0.18828125 0.15546875 0.03125 0.10703125
3 0.159375 0.13125 0.03359375 0.11484375
3 0.134375 0.11171875 0.03359375 0.109375
3 0.32421875 0.23671875 0.01640625 0.08125
3 0.43828125 0.29296875 0.00859375 0.06640625
3 0.41953125 0.2796875 0.01484375 0.06328125
3 0.3765625 0.26796875 0.01171875 0.06875
3 0.36328125 0.265625 0.01171875 0.06875
3 0.33515625 0.246875 0.00703125 0.071875
3 0.3890625 0.2765625 0.009375 0.06484375
3 0.40859375 0.28203125 0.00625 0.06484375
3 0.4 0.28203125 0.01015625 0.06875
5 0.775 0.603125 0.44921875 0.3796875
4 0.28671875 0.20625 0.05625 0.15703125