3 0.8765625 0.534375 0.02578125 0.1484375
8 0.79375 0.60234375 0.0390625 0.165625
8 0.90234375 0.5828125 0.03203125 0.18984375
8 0.65546875 0.596875 0.04296875 0.20859375
8 0.50625 0.62109375 0.04765625 0.196875
8 0.1609375 0.634375 0.05703125 0.21640625
8 0.0109375 0.6515625 0.021875 0.228125
3 0.73046875 0.5328125 0.02421875 0.13984375
3 0.70859375 0.534375 0.015625 0.1453125
3 0.6875 0.54921875 0.01640625 0.121875
3 0.6703125 0.54921875 0.01484375 0.12265625
3 0.6140625 0.5390625 0.0234375 0.1484375
3 0.58046875 0.54765625 0.025 0.13828125
3 0.55078125 0.56328125 0.01796875 0.11484375
3 0.5375 0.54296875 0.01875 0.15390625
3 0.5546875 0.48046875 0.0171875 0.05
3 0.65546875 0.47265625 0.01953125 0.0390625
3 0.62890625 0.47421875 0.015625 0.03359375
3 0.67734375 0.46875 0.021875 0.0390625
3 0.6921875 0.471875 0.01328125 0.034375
1 0.34921875 0.6421875 0.05859375 0.18828125