0 0.43828125 0.40625 0.17421875 0.33203125
3 0.3109375 0.51953125 0.0296875 0.11796875
3 0.2359375 0.5328125 0.02890625 0.1484375
3 0.2828125 0.5234375 0.021875 0.134375
3 0.2640625 0.52578125 0.01484375 0.134375
3 0.09921875 0.55078125 0.05703125 0.23046875
3 0.0515625 0.5640625 0.034375 0.2359375
3 0.01640625 0.5671875 0.0328125 0.27109375
3 0.1375 0.51796875 0.025 0.16484375
3 0.20703125 0.534375 0.01640625 0.1609375
5 0.6703125 0.91640625 0.19453125 0.1671875
4 0.35078125 0.4953125 0.02890625 0.13515625