0 0.575 0.64921875 0.18203125 0.14921875
3 0.9046875 0.68046875 0.06484375 0.15703125
3 0.884375 0.671875 0.06484375 0.14375
3 0.82578125 0.590625 0.021875 0.1140625
3 0.79375 0.54609375 0.015625 0.06875
3 0.72890625 0.54140625 0.0140625 0.07109375
3 0.746875 0.53984375 0.01015625 0.07734375
3 0.77265625 0.53828125 0.00859375 0.075
3 0.75625 0.5390625 0.009375 0.0671875
3 0.76484375 0.5375 0.00625 0.0625
3 0.5984375 0.8078125 0.04296875 0.06953125
3 0.45 0.6890625 0.03125 0.0421875
3 0.3859375 0.7734375 0.05859375 0.0671875