3 0.34609375 0.490625 0.02265625 0.11875
3 0.30859375 0.48671875 0.02890625 0.140625
3 0.25859375 0.48203125 0.02734375 0.16875
3 0.17421875 0.4765625 0.04609375 0.21640625
3 0.50703125 0.49140625 0.009375 0.06875
3 0.490625 0.48828125 0.0125 0.08359375
3 0.47109375 0.490625 0.015625 0.0890625
3 0.4546875 0.49140625 0.015625 0.08671875
3 0.41015625 0.48984375 0.01796875 0.11328125
1 0.42890625 0.421875 0.0375 0.09296875
3 0.13984375 0.46796875 0.06015625 0.25
3 0.27890625 0.48671875 0.01640625 0.15546875
5 0.71015625 0.9046875 0.25390625 0.190625
4 0.39453125 0.4859375 0.06328125 0.14921875