8 0.6046875 0.46796875 0.0125 0.053125
8 0.646875 0.46015625 0.01171875 0.05546875
8 0.690625 0.44609375 0.01640625 0.0453125
8 0.56328125 0.47734375 0.01328125 0.05234375
8 0.52109375 0.49375 0.0109375 0.05234375
8 0.4828125 0.50078125 0.01015625 0.040625
8 0.4453125 0.5046875 0.009375 0.04453125
8 0.409375 0.51796875 0.01015625 0.05625
8 0.46953125 0.0859375 0.02109375 0.06171875
8 0.53359375 0.07265625 0.02578125 0.05078125
8 0.5890625 0.0765625 0.0203125 0.0734375
8 0.65625 0.059375 0.01640625 0.06484375