0 0.459375 0.38203125 0.165625 0.25078125
2 0.27578125 0.321875 0.03984375 0.034375
2 0.56484375 0.26875 0.06328125 0.05390625
2 0.51796875 0.28984375 0.01484375 0.03046875
5 0.7390625 0.33671875 0.1890625 0.15859375
6 0.271875 0.88359375 0.078125 0.23203125
6 0.08203125 0.36953125 0.16328125 0.0625
6 0.6578125 0.8421875 0.16328125 0.2328125
6 0.1421875 0.78046875 0.1765625 0.0515625
6 0.00390625 0.78203125 0.0078125 0.05390625
6 0.596875 0.38203125 0.1234375 0.05703125
6 0.44765625 0.753125 0.265625 0.05625