1 0.6296875 0.33828125 0.0625 0.175
8 0.546875 0.41484375 0.02265625 0.1296875
8 0.46953125 0.4078125 0.02109375 0.11171875
8 0.5734375 0.4484375 0.0140625 0.06953125
8 0.52578125 0.44609375 0.01328125 0.0578125
8 0.43125 0.44765625 0.01484375 0.06015625
8 0.38515625 0.453125 0.01328125 0.0640625
8 0.37578125 0.409375 0.02734375 0.1171875
8 0.30078125 0.39609375 0.0296875 0.0859375
8 0.34140625 0.4484375 0.01328125 0.059375
8 0.3 0.46015625 0.015625 0.0421875
8 0.259375 0.45234375 0.0125 0.0453125