8 0.40703125 0.44296875 0.00859375 0.06796875
8 0.35703125 0.43125 0.0171875 0.06328125
8 0.30625 0.428125 0.01328125 0.06640625
8 0.4515625 0.44296875 0.01328125 0.05390625
8 0.496875 0.4453125 0.01015625 0.046875
8 0.53828125 0.45546875 0.0109375 0.053125
8 0.48828125 0.17265625 0.0203125 0.1140625
8 0.41015625 0.165625 0.02421875 0.0921875
8 0.3203125 0.15 0.03515625 0.078125
8 0.55859375 0.16640625 0.02265625 0.09921875
8 0.24375 0.1625 0.025 0.11171875
1 0.65234375 0.378125 0.04765625 0.1671875