0 0.375 0.5890625 0.11875 0.10390625
3 0.0796875 0.63203125 0.028125 0.1015625
3 0.36875 0.83984375 0.075 0.2
3 0.4234375 0.93515625 0.0640625 0.12734375
3 0.171875 0.79765625 0.0609375 0.12265625
3 0.01640625 0.66953125 0.0328125 0.09140625
3 0.20234375 0.5875 0.0234375 0.08671875
3 0.2875 0.53203125 0.015625 0.065625
3 0.27421875 0.52734375 0.00859375 0.06171875
3 0.421875 0.5109375 0.0109375 0.0546875
3 0.40625 0.52265625 0.01640625 0.0359375
3 0.2328125 0.5234375 0.0140625 0.0484375
3 0.21875 0.54765625 0.01796875 0.08828125
3 0.2140625 0.5 0.0171875 0.034375
3 0.43359375 0.503125 0.0125 0.04375