0 0.59296875 0.54375 0.2390625 0.3125
3 0.9671875 0.72734375 0.0296875 0.08359375
3 0.9 0.69921875 0.015625 0.07890625
3 0.8828125 0.68984375 0.01328125 0.06484375
3 0.8734375 0.684375 0.0109375 0.071875
3 0.84765625 0.67578125 0.0140625 0.06875
3 0.8578125 0.67421875 0.0125 0.0640625
3 0.8109375 0.66015625 0.0140625 0.0640625
3 0.8015625 0.671875 0.00703125 0.02890625
3 0.79609375 0.64765625 0.0109375 0.0546875
3 0.7875 0.64921875 0.0078125 0.06484375
3 0.7796875 0.64765625 0.00703125 0.0265625
3 0.77109375 0.63828125 0.01015625 0.04765625
3 0.75546875 0.6359375 0.0171875 0.05234375
3 0.73828125 0.6328125 0.0140625 0.05390625
3 0.725 0.62734375 0.01171875 0.0546875
3 0.7046875 0.625 0.01015625 0.05390625
5 0.6078125 0.18671875 0.18125 0.3734375
4 0.9125 0.72265625 0.06328125 0.1453125