1 0.45234375 0.46171875 0.08515625 0.05
3 0.31796875 0.55859375 0.03046875 0.13125
3 0.28515625 0.565625 0.034375 0.14296875
3 0.38984375 0.54375 0.02265625 0.11328125
3 0.490625 0.53125 0.0125 0.0703125
3 0.471875 0.53203125 0.01484375 0.07578125
3 0.45234375 0.534375 0.015625 0.08359375
3 0.4375 0.53828125 0.0125 0.08359375
3 0.22890625 0.5703125 0.02890625 0.18125
3 0.12265625 0.59453125 0.05234375 0.2484375
3 0.06953125 0.6046875 0.053125 0.27578125
3 0.25546875 0.56640625 0.03203125 0.17421875
5 0.6984375 0.94296875 0.190625 0.1140625
4 0.3703125 0.540625 0.06171875 0.14453125