1 0.66015625 0.63359375 0.0578125 0.17578125
8 0.54453125 0.56484375 0.01953125 0.11328125
8 0.57734375 0.53203125 0.01171875 0.05078125
8 0.62109375 0.5296875 0.00703125 0.05703125
8 0.4859375 0.52421875 0.01171875 0.06640625
8 0.46953125 0.57578125 0.028125 0.0890625
8 0.38046875 0.559375 0.02109375 0.11875
8 0.40234375 0.52421875 0.01328125 0.06015625
8 0.44453125 0.5265625 0.01171875 0.059375
8 0.36328125 0.5265625 0.0109375 0.0546875
8 0.3265625 0.52265625 0.0078125 0.0546875
8 0.290625 0.5234375 0.00859375 0.05
8 0.3015625 0.5703125 0.0265625 0.09453125