0 0.40546875 0.45546875 0.2375 0.3109375
3 0.03359375 0.2734375 0.02890625 0.08359375
3 0.1 0.30078125 0.015625 0.07890625
3 0.1171875 0.31015625 0.01328125 0.06484375
3 0.1265625 0.315625 0.0109375 0.071875
3 0.15234375 0.325 0.0140625 0.06796875
3 0.14140625 0.32578125 0.0125 0.06328125
3 0.18828125 0.33984375 0.0140625 0.06328125
3 0.1984375 0.328125 0.00703125 0.02890625
3 0.203125 0.35234375 0.0109375 0.0546875
3 0.21171875 0.35078125 0.0078125 0.06484375
3 0.21953125 0.35234375 0.00703125 0.0265625
3 0.228125 0.36171875 0.01015625 0.04765625
3 0.24375 0.3640625 0.0171875 0.05234375
3 0.2609375 0.3671875 0.0140625 0.053125
3 0.27421875 0.371875 0.01171875 0.0546875
3 0.29453125 0.375 0.009375 0.053125
5 0.390625 0.8125 0.18125 0.375
4 0.0875 0.27734375 0.0625 0.14453125