0 0.40546875 0.4046875 0.15859375 0.3015625
3 0.28984375 0.50703125 0.02734375 0.10703125
3 0.22109375 0.51953125 0.02578125 0.13515625
3 0.2640625 0.5109375 0.01953125 0.121875
3 0.24609375 0.51328125 0.01328125 0.121875
3 0.096875 0.5359375 0.05234375 0.209375
3 0.053125 0.5484375 0.03125 0.21484375
3 0.01953125 0.55078125 0.03359375 0.24609375
3 0.13125 0.50625 0.02265625 0.15
3 0.19453125 0.52109375 0.01484375 0.14609375
5 0.61640625 0.89609375 0.17734375 0.20703125
4 0.32578125 0.48515625 0.0265625 0.12265625