0 0.56796875 0.66875 0.1640625 0.275
2 0.81015625 0.90703125 0.10078125 0.0296875
3 0.23046875 0.8546875 0.08984375 0.290625
3 0.45078125 0.71953125 0.03515625 0.103125
3 0.46640625 0.7140625 0.04140625 0.115625
3 0.7765625 0.72265625 0.02734375 0.09765625
3 0.81875 0.68359375 0.025 0.07421875
3 0.8671875 0.6609375 0.01875 0.05625
3 0.759375 0.69921875 0.01015625 0.09765625
3 0.4328125 0.30390625 0.01640625 0.084375
3 0.38359375 0.290625 0.02109375 0.08984375
3 0.36171875 0.2796875 0.01875 0.08984375
3 0.34140625 0.271875 0.01640625 0.09765625
3 0.31875 0.2625 0.0234375 0.1
3 0.2984375 0.25 0.01796875 0.12109375
3 0.2703125 0.2453125 0.0234375 0.115625
3 0.2421875 0.23515625 0.01953125 0.1078125
3 0.18828125 0.209375 0.02890625 0.1171875
3 0.14921875 0.2 0.03046875 0.11875
3 0.0953125 0.1859375 0.01171875 0.125
3 0.0796875 0.18125 0.02421875 0.12109375
3 0.11328125 0.22578125 0.025 0.0609375
3 0.18671875 0.61875 0.01171875 0.05859375
3 0.16484375 0.6171875 0.01015625 0.0625
3 0.47734375 0.66640625 0.0140625 0.090625
3 0.4625 0.6671875 0.0171875 0.084375