3 0.87109375 0.47890625 0.05859375 0.296875
3 0.9171875 0.478125 0.0828125 0.340625
3 0.7578125 0.47734375 0.046875 0.21796875
3 0.72109375 0.48515625 0.0328125 0.2015625
3 0.69765625 0.47578125 0.03984375 0.18671875
3 0.65703125 0.484375 0.0328125 0.1578125
3 0.534375 0.49296875 0.01640625 0.0953125
3 0.49453125 0.49375 0.0140625 0.0890625
3 0.515625 0.49453125 0.01640625 0.09140625
3 0.47578125 0.49375 0.0171875 0.08125
1 0.5796875 0.5125 0.04375 0.13515625
5 0.2515625 0.05390625 0.271875 0.1078125
4 0.603125 0.4984375 0.071875 0.1671875