8 0.73359375 0.37421875 0.04609375 0.2234375
8 0.57421875 0.36484375 0.03828125 0.20625
8 0.88984375 0.36171875 0.05546875 0.18359375
8 0.08515625 0.3390625 0.05625 0.21484375
8 0.2484375 0.3578125 0.0546875 0.184375
1 0.4046875 0.334375 0.04453125 0.17890625
3 0.80859375 0.4359375 0.02109375 0.1546875
3 0.825 0.50078125 0.0171875 0.053125
3 0.82734375 0.41796875 0.01484375 0.11015625
3 0.853125 0.4328125 0.025 0.13828125
3 0.88359375 0.484375 0.021875 0.06640625
3 0.9265625 0.45078125 0.02578125 0.15390625
3 0.9015625 0.48828125 0.015625 0.071875
3 0.96875 0.43046875 0.01640625 0.12578125
3 0.9484375 0.43046875 0.0171875 0.12734375
3 0.95234375 0.51328125 0.0203125 0.0390625
3 0.9890625 0.4453125 0.0203125 0.1484375
3 0.96953125 0.51015625 0.01328125 0.034375