8 0.41875 0.45546875 0.01640625 0.05546875
8 0.4625 0.46953125 0.009375 0.0578125
8 0.37578125 0.4484375 0.01328125 0.05625
8 0.33203125 0.44140625 0.01015625 0.05703125
8 0.2859375 0.42890625 0.01953125 0.04765625
8 0.5015625 0.47265625 0.00859375 0.04765625
8 0.54140625 0.47734375 0.0078125 0.03984375
8 0.42421875 0.1015625 0.028125 0.0609375
8 0.49765625 0.1171875 0.0203125 0.0671875
8 0.36171875 0.109375 0.02109375 0.08359375
8 0.56328125 0.12890625 0.01953125 0.08203125
1 0.68046875 0.4546875 0.04375 0.1609375