1 0.6078125 0.5125 0.0375 0.16328125
0 0.51953125 0.46640625 0.2390625 0.39453125
5 0.6828125 0.06171875 0.08515625 0.1234375
5 0.68359375 0.984375 0.0359375 0.03046875
5 0.9171875 0.90625 0.165625 0.1875
5 0.1328125 0.78515625 0.265625 0.4296875
5 0.20859375 0.23671875 0.4171875 0.4015625
5 0.29140625 0.021875 0.0359375 0.04375
4 0.55390625 0.3421875 0.02890625 0.05703125
4 0.41015625 0.35234375 0.0234375 0.05078125
4 0.4046875 0.51171875 0.02890625 0.05390625
4 0.77421875 0.675 0.03125 0.04609375