1 0.3796875 0.34921875 0.03515625 0.18203125
3 0.88984375 0.50390625 0.02265625 0.0703125
8 0.9890625 0.40078125 0.02109375 0.19296875
8 0.88046875 0.38203125 0.04921875 0.178125
8 0.22109375 0.36484375 0.0484375 0.22421875
3 0.80703125 0.465625 0.02578125 0.1578125
8 0.053125 0.36484375 0.05546875 0.20859375
8 0.5609375 0.3765625 0.06015625 0.21015625
8 0.72265625 0.38515625 0.0453125 0.20703125
3 0.6875 0.4515625 0.021875 0.1546875
3 0.78203125 0.46328125 0.0171875 0.15625
3 0.86796875 0.46171875 0.02109375 0.14921875
3 0.8328125 0.52734375 0.01640625 0.04375
3 0.70703125 0.51796875 0.0171875 0.05625
3 0.734375 0.50546875 0.02109375 0.0328125
3 0.76328125 0.45625 0.01796875 0.1546875
3 0.84765625 0.4453125 0.015625 0.125
3 0.8296875 0.44375 0.0171875 0.1234375
3 0.85 0.528125 0.015625 0.03515625