8 0.609375 0.1984375 0.0203125 0.103125
8 0.36640625 0.2046875 0.025 0.09609375
8 0.4375 0.203125 0.02265625 0.09765625
8 0.528125 0.2015625 0.02578125 0.115625
1 0.275 0.3625 0.04375 0.1765625
8 0.69453125 0.2 0.021875 0.1109375
8 0.52421875 0.44375 0.01328125 0.06171875
8 0.57109375 0.440625 0.01171875 0.07578125
8 0.675 0.425 0.0140625 0.065625
8 0.43359375 0.45390625 0.01015625 0.059375
8 0.62265625 0.43046875 0.0171875 0.065625
8 0.47734375 0.44140625 0.01015625 0.05234375
8 0.38359375 0.459375 0.009375 0.06796875