3 0.98828125 0.6578125 0.0234375 0.20546875
3 0.89296875 0.64765625 0.028125 0.18046875
8 0.21484375 0.6703125 0.04140625 0.1546875
3 0.846875 0.6421875 0.0359375 0.1703125
8 0.4734375 0.7015625 0.05390625 0.1921875
8 0.0203125 0.62890625 0.0359375 0.1609375
8 0.121875 0.6421875 0.04296875 0.1703125
1 0.621875 0.7421875 0.0484375 0.175
8 0.340625 0.6765625 0.0328125 0.18828125
3 0.93046875 0.66796875 0.02265625 0.14921875
3 0.35859375 0.60546875 0.02890625 0.16015625
3 0.92890625 0.56796875 0.02109375 0.0453125
8 0.80234375 0.74609375 0.06171875 0.2265625
3 0.9546875 0.6609375 0.028125 0.1875
3 0.6859375 0.6390625 0.03046875 0.18046875