3 0.6203125 0.5609375 0.02421875 0.1453125
8 0.95625 0.578125 0.02890625 0.14296875
8 0.77890625 0.6140625 0.03359375 0.13671875
1 0.42421875 0.6734375 0.04453125 0.16328125
8 0.8640625 0.59140625 0.0328125 0.15
8 0.253125 0.68359375 0.04609375 0.20078125
3 0.45625 0.565625 0.02265625 0.14140625
8 0.54921875 0.64296875 0.04375 0.1734375
8 0.66875 0.61953125 0.0296875 0.17890625
3 0.31875 0.58828125 0.0234375 0.13828125
3 0.4828125 0.56171875 0.02265625 0.14453125
8 0.0796875 0.70546875 0.05390625 0.2203125
3 0.2734375 0.5859375 0.01953125 0.15859375
3 0.84453125 0.49609375 0.01953125 0.04453125
3 0.40546875 0.54375 0.01953125 0.1109375
3 0.43359375 0.58125 0.02109375 0.11953125
3 0.36015625 0.5734375 0.02421875 0.15390625
3 0.4265625 0.503125 0.02109375 0.040625