3 0.1546875 0.5453125 0.02734375 0.15234375
8 0.0328125 0.596875 0.03359375 0.18125
8 0.134375 0.62265625 0.05078125 0.1703125
8 0.7453125 0.69453125 0.06796875 0.2328125
3 0.509375 0.56484375 0.02421875 0.1640625
3 0.4578125 0.56953125 0.02578125 0.146875
3 0.37734375 0.5109375 0.02265625 0.09140625
8 0.26328125 0.628125 0.0359375 0.203125
1 0.55234375 0.68671875 0.05703125 0.19140625
3 0.42421875 0.55703125 0.02265625 0.1578125
8 0.39921875 0.65546875 0.04921875 0.190625
3 0.32421875 0.55546875 0.021875 0.1359375
8 0.9421875 0.72109375 0.0796875 0.25234375
3 0.403125 0.5140625 0.01953125 0.08125
3 0.353125 0.48125 0.02109375 0.03984375
3 0.29921875 0.54375 0.02578125 0.146875