3 0.121875 0.55 0.02578125 0.1390625
3 0.40234375 0.56328125 0.02421875 0.13359375
3 0.2609375 0.55 0.0234375 0.13203125
8 0.18984375 0.6203125 0.0484375 0.159375
8 0.0796875 0.59921875 0.046875 0.17265625
8 0.76640625 0.6484375 0.05625 0.20703125
1 0.61328125 0.66171875 0.03828125 0.16640625
8 0.31796875 0.61640625 0.04296875 0.1921875
8 0.934375 0.65703125 0.04921875 0.2140625
3 0.371875 0.55546875 0.0203125 0.14375
8 0.4578125 0.6296875 0.0484375 0.18515625
3 0.33203125 0.546875 0.02109375 0.1453125
3 0.42734375 0.50234375 0.01875 0.0515625
3 0.30859375 0.48984375 0.0203125 0.0359375