3 0.68046875 0.61484375 0.02421875 0.1453125
3 0.840625 0.60078125 0.02578125 0.15859375
8 0.909375 0.6703125 0.0484375 0.1921875
3 0.75703125 0.55703125 0.025 0.08125
8 0.7578125 0.684375 0.03671875 0.1890625
1 0.25546875 0.71171875 0.03203125 0.16171875
8 0.60625 0.684375 0.04609375 0.2078125
8 0.0734375 0.69453125 0.0390625 0.228125
3 0.653125 0.63046875 0.01640625 0.11796875
3 0.7125 0.60625 0.0234375 0.15625
3 0.63359375 0.6109375 0.021875 0.15859375
8 0.4375 0.6875 0.04609375 0.2265625
3 0.81640625 0.60078125 0.02109375 0.15625
3 0.78046875 0.53125 0.02109375 0.0421875