3 0.709375 0.5609375 0.021875 0.13046875
3 0.853125 0.5484375 0.02265625 0.14296875
8 0.915625 0.6109375 0.04375 0.1734375
3 0.778125 0.50859375 0.02265625 0.0734375
8 0.77890625 0.6234375 0.03359375 0.1703125
1 0.3265625 0.64765625 0.02890625 0.1453125
8 0.6421875 0.6234375 0.04140625 0.18671875
8 0.16328125 0.63203125 0.03515625 0.20546875
3 0.684375 0.57421875 0.01484375 0.10625
3 0.73828125 0.553125 0.02109375 0.140625
8 0.01171875 0.63515625 0.0234375 0.178125
3 0.6671875 0.55703125 0.01953125 0.14296875
8 0.490625 0.62578125 0.04140625 0.20390625
3 0.83125 0.5484375 0.01953125 0.140625
3 0.79921875 0.4859375 0.01875 0.03828125