3 0.78984375 0.5046875 0.02265625 0.05859375
3 0.46953125 0.45 0.0203125 0.146875
8 0.884375 0.425 0.0375 0.165625
3 0.51484375 0.4453125 0.02421875 0.13515625
8 0.0453125 0.328125 0.0609375 0.234375
8 0.784375 0.4 0.03671875 0.14921875
1 0.41875 0.346875 0.0390625 0.1625
8 0.98515625 0.43984375 0.0296875 0.171875
3 0.5453125 0.4984375 0.02109375 0.06328125
8 0.225 0.35 0.04609375 0.21484375
8 0.6625 0.4015625 0.02734375 0.1921875
3 0.5875 0.46328125 0.02421875 0.15
8 0.54140625 0.37578125 0.034375 0.18203125
3 0.63828125 0.46328125 0.0203125 0.146875
3 0.61796875 0.44921875 0.01796875 0.11640625
3 0.490625 0.5109375 0.01875 0.05078125
3 0.48828125 0.4296875 0.0140625 0.10390625
3 0.66015625 0.51640625 0.01875 0.03359375
3 0.56484375 0.46328125 0.01640625 0.14453125