3 0.23203125 0.52421875 0.02421875 0.14453125
3 0.0734375 0.51015625 0.025 0.1578125
8 0.0140625 0.5796875 0.028125 0.19140625
3 0.15546875 0.46640625 0.025 0.08125
8 0.15546875 0.59296875 0.03671875 0.18828125
1 0.6546875 0.6203125 0.03203125 0.1609375
8 0.30625 0.59296875 0.04609375 0.20703125
8 0.83515625 0.603125 0.0390625 0.22734375
3 0.259375 0.5390625 0.01640625 0.11796875
3 0.2 0.515625 0.0234375 0.15546875
8 0.99453125 0.60625 0.01015625 0.196875
3 0.278125 0.5203125 0.021875 0.1578125
8 0.4734375 0.59609375 0.0453125 0.22578125
3 0.096875 0.51015625 0.02109375 0.15546875
3 0.13203125 0.44140625 0.02109375 0.0421875