3 0.7765625 0.4984375 0.02265625 0.05703125
3 0.46328125 0.5515625 0.01953125 0.14375
8 0.86875 0.5765625 0.03671875 0.16171875
3 0.50703125 0.55625 0.0234375 0.13203125
8 0.04765625 0.67109375 0.059375 0.2296875
8 0.77109375 0.60078125 0.0359375 0.14609375
1 0.41328125 0.653125 0.03828125 0.159375
8 0.96953125 0.56171875 0.03203125 0.16875
3 0.53671875 0.50390625 0.0203125 0.06171875
8 0.2234375 0.64921875 0.0453125 0.21015625
8 0.6515625 0.59921875 0.02734375 0.18828125
3 0.578125 0.53828125 0.0234375 0.146875
8 0.5328125 0.62421875 0.03359375 0.17890625
3 0.628125 0.53828125 0.01953125 0.14375
3 0.60859375 0.55234375 0.01796875 0.1140625
3 0.48359375 0.4921875 0.01796875 0.05
3 0.48125 0.57109375 0.01328125 0.1015625
3 0.65 0.48671875 0.01796875 0.0328125
3 0.55625 0.53828125 0.015625 0.14140625