3 0.765625 0.58828125 0.03203125 0.22109375
3 0.84453125 0.61953125 0.053125 0.2140625
3 0.56015625 0.4328125 0.01875 0.14375
3 0.578125 0.4203125 0.01328125 0.13671875
3 0.60078125 0.44296875 0.021875 0.12265625
3 0.72734375 0.55390625 0.0453125 0.20546875
3 0.89375 0.634375 0.03828125 0.196875
3 0.97734375 0.6734375 0.0359375 0.2140625
3 0.93828125 0.67421875 0.03984375 0.2203125
3 0.69453125 0.53125 0.0203125 0.178125
3 0.646875 0.48984375 0.021875 0.13359375
3 0.62421875 0.4578125 0.01953125 0.14296875
1 0.66953125 0.67578125 0.040625 0.14609375