2 0.4046875 0.71171875 0.04453125 0.0375
2 0.20234375 0.715625 0.04296875 0.0453125
2 0.5328125 0.75390625 0.05859375 0.07265625
0 0.46484375 0.6171875 0.14140625 0.28671875
5 0.86328125 0.67421875 0.18203125 0.1421875
6 0.34609375 0.1359375 0.0703125 0.271875
6 0.73203125 0.221875 0.19765625 0.20390625
6 0.97734375 0.03125 0.04453125 0.06171875
6 0.22265625 0.259375 0.15 0.0578125
6 0.0546875 0.23671875 0.109375 0.0390625
6 0.1484375 0.6609375 0.29609375 0.07421875
6 0.690625 0.64296875 0.07890625 0.0609375
6 0.5390625 0.646875 0.0375 0.05078125
6 0.515625 0.29765625 0.2328125 0.059375