8 0.55859375 0.62109375 0.0328125 0.0890625
8 0.4765625 0.609375 0.028125 0.11953125
8 0.38671875 0.6109375 0.01875 0.11328125
8 0.653125 0.603125 0.02421875 0.1234375
8 0.5984375 0.5671875 0.01328125 0.06015625
8 0.5109375 0.56640625 0.0125 0.0671875
8 0.5546875 0.55625 0.0109375 0.0390625
8 0.4625 0.5703125 0.0140625 0.0609375
8 0.4171875 0.57578125 0.01171875 0.0515625
8 0.36875 0.57265625 0.0109375 0.059375
8 0.6765625 0.56640625 0.00859375 0.06484375
8 0.6375 0.5703125 0.0078125 0.05546875
1 0.34296875 0.7296875 0.078125 0.090625