1 0.3921875 0.51171875 0.03671875 0.15703125
0 0.478125 0.46796875 0.23046875 0.3796875
5 0.3203125 0.06875 0.08203125 0.13671875
5 0.31953125 0.97578125 0.034375 0.046875
5 0.08671875 0.9 0.1734375 0.196875
5 0.85859375 0.78359375 0.27265625 0.43046875
5 0.78828125 0.246875 0.42265625 0.38671875
5 0.69765625 0.03046875 0.034375 0.0609375
4 0.44453125 0.3484375 0.028125 0.05546875
4 0.5828125 0.3578125 0.02265625 0.04921875
4 0.58828125 0.5109375 0.028125 0.0515625
4 0.23203125 0.66875 0.03046875 0.04453125