0 0.4546875 0.47109375 0.1640625 0.3125
3 0.31484375 0.4609375 0.0140625 0.06796875
3 0.27109375 0.4640625 0.0109375 0.0765625
3 0.24609375 0.46796875 0.01328125 0.0703125
3 0.29296875 0.465625 0.0125 0.0765625
3 0.2875 0.46640625 0.0078125 0.07578125
3 0.30390625 0.46328125 0.00703125 0.06875
3 0.37109375 0.275 0.078125 0.05625
3 0.5546875 0.153125 0.06953125 0.10078125
3 0.696875 0.17734375 0.10625 0.08515625
3 0.73359375 0.2109375 0.08671875 0.05390625
3 0.38828125 0.32265625 0.05546875 0.04140625
3 0.446875 0.2625 0.0890625 0.0421875
3 0.62578125 0.3203125 0.07890625 0.04140625
3 0.665625 0.35078125 0.053125 0.02421875