0 0.48671875 0.625 0.1484375 0.321875
3 0.3140625 0.3234375 0.0296875 0.0875
3 0.38359375 0.334375 0.02109375 0.0875
3 0.41015625 0.3390625 0.01484375 0.096875
3 0.428125 0.34921875 0.015625 0.0984375
3 0.44296875 0.353125 0.0125 0.09140625
3 0.48203125 0.36796875 0.01953125 0.07265625
3 0.49765625 0.36328125 0.01796875 0.06328125
3 0.16796875 0.265625 0.02421875 0.1171875
3 0.1203125 0.253125 0.01875 0.1265625
3 0.14296875 0.25859375 0.021875 0.11171875
3 0.00546875 0.63125 0.0109375 0.06875
3 0.08203125 0.6078125 0.009375 0.02734375