0 0.47890625 0.39609375 0.16015625 0.3484375
3 0.66484375 0.72265625 0.03125 0.09453125
3 0.590625 0.71015625 0.02265625 0.09453125
3 0.5609375 0.70546875 0.015625 0.1046875
3 0.5421875 0.69453125 0.0171875 0.10625
3 0.52578125 0.68984375 0.01328125 0.0984375
3 0.48359375 0.67421875 0.02109375 0.078125
3 0.46640625 0.67890625 0.01953125 0.06875
3 0.82265625 0.784375 0.02578125 0.1265625
3 0.87421875 0.79765625 0.0203125 0.13671875
3 0.85 0.79140625 0.0234375 0.12109375
3 0.99609375 0.3890625 0.0078125 0.075
3 0.91484375 0.41484375 0.01015625 0.0296875