1 0.55078125 0.53046875 0.0875 0.05078125
3 0.6875 0.43203125 0.03046875 0.134375
3 0.721875 0.42421875 0.03515625 0.1453125
3 0.61484375 0.446875 0.0234375 0.115625
3 0.51171875 0.459375 0.0125 0.071875
3 0.53046875 0.45859375 0.01484375 0.07734375
3 0.55078125 0.45625 0.015625 0.08515625
3 0.565625 0.453125 0.0125 0.08515625
3 0.77890625 0.41953125 0.0296875 0.18515625
3 0.8875 0.3953125 0.053125 0.253125
3 0.9421875 0.384375 0.05390625 0.28203125
3 0.7515625 0.4234375 0.0328125 0.17734375
5 0.29921875 0.0484375 0.19453125 0.09609375
4 0.634375 0.45 0.0625 0.14765625