2 0.43046875 0.78125 0.040625 0.06640625
2 0.35 0.7203125 0.03984375 0.0484375
2 0.3203125 0.709375 0.03046875 0.040625
0 0.515625 0.6265625 0.14765625 0.26875
6 0.30390625 0.1359375 0.075 0.271875
5 0.77578125 0.6984375 0.18984375 0.16640625
6 0.6828125 0.21484375 0.165625 0.21875
6 0.47578125 0.284375 0.25625 0.03125
6 0.03828125 0.24765625 0.07265625 0.05390625
6 0.1921875 0.2546875 0.1609375 0.04609375
6 0.10703125 0.6609375 0.2140625 0.06875
6 0.45546875 0.65390625 0.03828125 0.06015625
6 0.63046875 0.65546875 0.10546875 0.059375