8 0.6015625 0.63515625 0.03359375 0.09140625
8 0.51796875 0.6234375 0.02890625 0.12265625
8 0.4265625 0.62421875 0.01875 0.115625
8 0.6984375 0.61640625 0.02421875 0.1265625
8 0.64296875 0.5796875 0.01328125 0.06171875
8 0.553125 0.57890625 0.0125 0.06953125
8 0.5984375 0.56875 0.01171875 0.03984375
8 0.50390625 0.5828125 0.0140625 0.0625
8 0.4578125 0.58828125 0.01171875 0.053125
8 0.4078125 0.5859375 0.01171875 0.0609375
8 0.72265625 0.57890625 0.00859375 0.06640625
8 0.6828125 0.5828125 0.0078125 0.05703125
1 0.38203125 0.746875 0.0796875 0.09296875