1 0.44296875 0.61171875 0.06640625 0.0984375
0 0.90703125 0.5765625 0.18515625 0.34296875
3 0.27109375 0.51484375 0.01484375 0.06640625
3 0.25703125 0.51171875 0.01015625 0.0796875
3 0.234375 0.5140625 0.00859375 0.07578125
3 0.24609375 0.51328125 0.01171875 0.08515625
3 0.21875 0.51328125 0.01640625 0.08125
3 0.196875 0.51484375 0.01484375 0.08125
3 0.13515625 0.51484375 0.01875 0.1
3 0.01875 0.51796875 0.03359375 0.13515625
5 0.68203125 0.13359375 0.25390625 0.26640625
5 0.57578125 0.921875 0.40703125 0.15546875
3 0.10859375 0.4828125 0.01484375 0.05078125
4 0.896875 0.44765625 0.0359375 0.053125
4 0.89765625 0.6234375 0.034375 0.06171875
4 0.0859375 0.5078125 0.07890625 0.16328125