3 0.340625 0.55859375 0.02578125 0.14453125
3 0.11484375 0.48984375 0.0234375 0.03984375
8 0.196875 0.61484375 0.04375 0.14296875
8 0.10546875 0.5890625 0.0375 0.15859375
8 0.01484375 0.575 0.02890625 0.14765625
8 0.3078125 0.6171875 0.03984375 0.178125
8 0.42734375 0.63984375 0.05 0.1765625
8 0.72109375 0.6828125 0.0625 0.20390625
8 0.8921875 0.70546875 0.059375 0.22109375
3 0.4796875 0.5609375 0.02421875 0.1390625
3 0.50703125 0.5640625 0.02265625 0.14453125
3 0.6421875 0.58515625 0.0234375 0.1390625
3 0.60625 0.57421875 0.02265625 0.14921875
3 0.58828125 0.5671875 0.01953125 0.15390625
3 0.67578125 0.60390625 0.01953125 0.115625
3 0.690625 0.58203125 0.01953125 0.1515625
3 0.66953125 0.51953125 0.02421875 0.0546875
3 0.559375 0.5390625 0.01875 0.10625
3 0.54921875 0.5578125 0.01796875 0.071875
3 0.53125 0.58359375 0.01796875 0.1234375
3 0.5390625 0.5015625 0.0203125 0.040625
3 0.52109375 0.5015625 0.0140625 0.0390625
1 0.56015625 0.67578125 0.025 0.1640625