8 0.56640625 0.54453125 0.0078125 0.06171875
8 0.61171875 0.5546875 0.015625 0.05703125
8 0.6578125 0.5578125 0.01171875 0.06015625
8 0.52578125 0.54375 0.01171875 0.04921875
8 0.48515625 0.54140625 0.009375 0.0421875
8 0.44765625 0.5328125 0.01015625 0.0484375
8 0.49296875 0.78828125 0.01875 0.103125
8 0.56328125 0.79453125 0.021875 0.0828125
8 0.6453125 0.809375 0.03203125 0.0703125
8 0.42890625 0.79375 0.0203125 0.08984375
8 0.7140625 0.79765625 0.02265625 0.1015625
1 0.34453125 0.60234375 0.04296875 0.15078125