0 0.540625 0.38125 0.1796875 0.146875
3 0.86484375 0.35 0.0640625 0.1546875
3 0.8453125 0.35859375 0.0640625 0.14140625
3 0.78671875 0.4390625 0.021875 0.1125
3 0.75546875 0.4828125 0.01484375 0.06796875
3 0.6921875 0.4875 0.0140625 0.06953125
3 0.709375 0.4890625 0.01015625 0.0765625
3 0.73515625 0.490625 0.0078125 0.0734375
3 0.71875 0.4890625 0.009375 0.065625
3 0.72734375 0.49140625 0.00625 0.06171875
3 0.5640625 0.225 0.0421875 0.06875
3 0.4171875 0.3421875 0.03046875 0.04140625
3 0.3546875 0.25859375 0.0578125 0.06640625