8 0.5828125 0.56640625 0.0109375 0.04765625
8 0.6203125 0.5734375 0.01015625 0.05
8 0.66015625 0.5859375 0.01484375 0.040625
8 0.5453125 0.5578125 0.01171875 0.046875
8 0.5078125 0.54375 0.01015625 0.04765625
8 0.4734375 0.53671875 0.00859375 0.03671875
8 0.43984375 0.53359375 0.0078125 0.03984375
8 0.40703125 0.521875 0.009375 0.05078125
8 0.46171875 0.91015625 0.01953125 0.05546875
8 0.51875 0.92265625 0.02265625 0.04609375
8 0.56875 0.91953125 0.01875 0.065625
8 0.62890625 0.934375 0.01484375 0.05859375