0 0.17109375 0.49453125 0.25859375 0.3203125
1 0.55625 0.61484375 0.08828125 0.0453125
3 0.82890625 0.471875 0.0125 0.07265625
3 0.85546875 0.46640625 0.015625 0.08046875
3 0.9140625 0.45625 0.0234375 0.08984375
3 0.9890625 0.440625 0.021875 0.10859375
3 0.88984375 0.4609375 0.01796875 0.0765625
3 0.87109375 0.46328125 0.0171875 0.07890625
3 0.840625 0.471875 0.00859375 0.07265625
5 0.4109375 0.09765625 0.21015625 0.1953125
5 0.49453125 0.89140625 0.3265625 0.2171875
5 0.04765625 0.39453125 0.0953125 0.1265625
5 0.00390625 0.05390625 0.0078125 0.1078125
4 0.2234375 0.53203125 0.025 0.0515625
4 0.2265625 0.371875 0.03046875 0.046875
4 0.08984375 0.38828125 0.0234375 0.0421875
4 0.0921875 0.5375 0.01796875 0.0375