2 0.90390625 0.21328125 0.046875 0.06328125
2 0.721875 0.22109375 0.0484375 0.0515625
0 0.64140625 0.33671875 0.15546875 0.328125
2 0.59921875 0.15859375 0.08828125 0.06953125
5 0.07890625 0.27265625 0.1578125 0.1453125
6 0.234375 0.7453125 0.2359375 0.2078125
6 0.465625 0.68125 0.23671875 0.0375
6 0.66484375 0.85078125 0.07109375 0.2984375
6 0.78203125 0.70859375 0.15 0.04765625
6 0.95 0.72578125 0.1 0.0421875
6 0.83828125 0.2796875 0.3234375 0.06796875
6 0.425 0.3015625 0.05703125 0.05859375
6 0.2578125 0.309375 0.07890625 0.0546875