0 0.503125 0.43984375 0.25625 0.35390625
5 0.5421875 0.89609375 0.16328125 0.20703125
3 0.0609375 0.56875 0.034375 0.140625
3 0.0859375 0.56015625 0.015625 0.14296875
3 0.1109375 0.553125 0.02578125 0.13515625
3 0.13984375 0.5453125 0.02265625 0.128125
3 0.16953125 0.53515625 0.03359375 0.11875
3 0.2078125 0.52890625 0.03203125 0.10546875
3 0.29296875 0.50703125 0.021875 0.0890625
3 0.33359375 0.503125 0.01171875 0.0796875
3 0.34609375 0.5 0.009375 0.06640625
3 0.3640625 0.49921875 0.015625 0.05703125
4 0.253125 0.50859375 0.0625 0.134375