0 0.515625 0.52421875 0.15859375 0.3015625
3 0.65078125 0.534375 0.01328125 0.065625
3 0.69296875 0.53046875 0.01015625 0.07421875
3 0.71796875 0.52734375 0.01328125 0.06796875
3 0.671875 0.5296875 0.01171875 0.07421875
3 0.678125 0.528125 0.00703125 0.0734375
3 0.66171875 0.53203125 0.00703125 0.06640625
3 0.59609375 0.7140625 0.07578125 0.0546875
3 0.41875 0.83125 0.0671875 0.09765625
3 0.28125 0.80859375 0.103125 0.0828125
3 0.2453125 0.77578125 0.08359375 0.0515625
3 0.5796875 0.66796875 0.05390625 0.03984375
3 0.5234375 0.72578125 0.0859375 0.040625
3 0.35 0.6703125 0.0765625 0.040625
3 0.31171875 0.640625 0.0515625 0.0234375