1 0.58046875 0.47734375 0.0359375 0.1234375
3 0.72890625 0.6328125 0.03203125 0.1625
3 0.88828125 0.7078125 0.05 0.2796875
3 0.93203125 0.7296875 0.06484375 0.32734375
3 0.78515625 0.65703125 0.0265625 0.1953125
3 0.76015625 0.64921875 0.02890625 0.1828125
3 0.69296875 0.6328125 0.0265625 0.13359375
3 0.50546875 0.578125 0.01953125 0.078125
3 0.5265625 0.58359375 0.02109375 0.08828125
3 0.5484375 0.58515625 0.01640625 0.09296875
3 0.565625 0.59375 0.01640625 0.08828125
3 0.61484375 0.5984375 0.02109375 0.11953125
5 0.3171875 0.9671875 0.240625 0.065625
4 0.6359375 0.61015625 0.06875 0.159375