0 0.48671875 0.6234375 0.14765625 0.3203125
3 0.31484375 0.3234375 0.02890625 0.08671875
3 0.38359375 0.334375 0.02109375 0.08671875
3 0.41015625 0.3390625 0.01484375 0.09609375
3 0.42734375 0.34921875 0.015625 0.0984375
3 0.44296875 0.353125 0.0125 0.090625
3 0.48203125 0.36796875 0.01953125 0.071875
3 0.49765625 0.36328125 0.01796875 0.06328125
3 0.16953125 0.265625 0.02421875 0.11640625
3 0.121875 0.25390625 0.01875 0.12578125
3 0.14453125 0.259375 0.021875 0.1109375
3 0.00703125 0.63046875 0.01328125 0.06875
3 0.08359375 0.60625 0.009375 0.02734375