1 0.56328125 0.40390625 0.06640625 0.10390625
3 0.79609375 0.26171875 0.034375 0.1484375
3 0.74375 0.28515625 0.034375 0.11796875
3 0.84296875 0.22734375 0.046875 0.153125
3 0.7765625 0.278125 0.01953125 0.1203125
3 0.8828125 0.20703125 0.0328125 0.153125
3 0.990625 0.1203125 0.01875 0.21875
3 0.6109375 0.32890625 0.01640625 0.0796875
3 0.546875 0.3453125 0.01171875 0.0671875
3 0.56640625 0.3328125 0.0140625 0.0796875
3 0.5921875 0.33203125 0.01953125 0.08125
3 0.671875 0.309375 0.021875 0.08984375
5 0.20859375 0.83203125 0.41640625 0.31171875
4 0.690625 0.290625 0.0640625 0.1609375