8 0.45234375 0.6046875 0.046875 0.2
8 0.78984375 0.61328125 0.0484375 0.2171875
8 0.30546875 0.59921875 0.03046875 0.22265625
8 0.1375 0.60859375 0.04453125 0.18671875
8 0.00625 0.58828125 0.0125 0.2109375
8 0.9375 0.61796875 0.02578125 0.20703125
1 0.615625 0.6234375 0.0375 0.1265625
3 0.05859375 0.53515625 0.0265625 0.1375
3 0.0296875 0.52734375 0.021875 0.15
3 0.103125 0.53125 0.02421875 0.1546875
3 0.0828125 0.55 0.01640625 0.11015625
3 0.0875 0.46875 0.01796875 0.05234375
3 0.01171875 0.46328125 0.015625 0.03828125