3 0.28203125 0.73828125 0.05625 0.228125
3 0.02578125 0.65546875 0.04296875 0.1
3 0.11171875 0.6515625 0.03984375 0.11875
3 0.24296875 0.62578125 0.021875 0.078125
3 0.27109375 0.628125 0.02734375 0.08125
3 0.30390625 0.615625 0.01484375 0.071875
3 0.3375 0.615625 0.01875 0.05390625
3 0.50703125 0.77421875 0.05 0.221875
0 0.43203125 0.596875 0.13046875 0.2796875
3 0.5828125 0.70703125 0.03828125 0.159375
3 0.63515625 0.7 0.03046875 0.18515625
3 0.61015625 0.6609375 0.02109375 0.11875
3 0.81484375 0.6046875 0.01484375 0.07578125
3 0.82890625 0.60546875 0.01484375 0.06328125
3 0.84296875 0.60703125 0.01015625 0.0703125
3 0.88515625 0.29296875 0.02109375 0.0703125
3 0.9453125 0.275 0.01953125 0.090625
3 0.9703125 0.26796875 0.01796875 0.08671875
3 0.99140625 0.26015625 0.01640625 0.0796875