3 0.121875 0.28828125 0.05390625 0.2921875
3 0.06796875 0.2453125 0.071875 0.334375
3 0.32109375 0.38125 0.02890625 0.15
3 0.28125 0.36484375 0.0328125 0.1578125
3 0.23125 0.34765625 0.03515625 0.18828125
3 0.4453125 0.42265625 0.01328125 0.08984375
3 0.4609375 0.42890625 0.01796875 0.0859375
3 0.48359375 0.434375 0.0203125 0.084375
3 0.503125 0.43828125 0.01484375 0.071875
1 0.4046875 0.39375 0.040625 0.14765625
5 0.67109375 0.04609375 0.2484375 0.0921875
4 0.3796875 0.39765625 0.06796875 0.16484375