3 0.36015625 0.578125 0.04140625 0.24453125
3 0.3171875 0.57890625 0.03671875 0.26484375
3 0.28671875 0.565625 0.05 0.21328125
3 0.20859375 0.559375 0.06640625 0.2
3 0.175 0.54921875 0.04765625 0.20546875
3 0.13359375 0.5453125 0.04140625 0.17578125
3 0.13046875 0.45703125 0.015625 0.03359375
3 0.09609375 0.54453125 0.04453125 0.178125
3 0.69921875 0.58359375 0.034375 0.24453125
3 0.73203125 0.56953125 0.040625 0.22421875
3 0.8359375 0.55703125 0.053125 0.24453125
3 0.90859375 0.5609375 0.06015625 0.2484375
3 0.95 0.546875 0.0375 0.25390625
3 0.9859375 0.55 0.028125 0.24375
0 0.51328125 0.421875 0.18125 0.221875