2 0.86015625 0.7578125 0.0453125 0.0609375
2 0.6859375 0.75 0.04609375 0.0484375
0 0.609375 0.63984375 0.1484375 0.3125
2 0.56875 0.809375 0.084375 0.06640625
5 0.0734375 0.7015625 0.146875 0.1390625
6 0.2203125 0.25078125 0.225 0.1984375
6 0.44140625 0.31171875 0.22578125 0.0359375
6 0.63125 0.14609375 0.06796875 0.2921875
6 0.74375 0.28515625 0.14296875 0.0453125
6 0.9109375 0.26953125 0.1125 0.040625
6 0.82109375 0.69453125 0.35703125 0.0640625
6 0.40234375 0.6734375 0.05390625 0.05546875
6 0.24296875 0.665625 0.075 0.05234375