1 0.621875 0.325 0.08046875 0.0921875
8 0.29453125 0.4328125 0.02890625 0.09453125
8 0.36796875 0.4375 0.02890625 0.1015625
8 0.45 0.4484375 0.01875 0.1265625
8 0.54765625 0.43203125 0.0265625 0.0921875
8 0.625 0.446875 0.03046875 0.1203125
8 0.31015625 0.4875 0.00859375 0.05703125
8 0.3484375 0.49375 0.00859375 0.05
8 0.390625 0.4828125 0.0109375 0.05703125
8 0.43203125 0.484375 0.0125 0.06328125
8 0.47734375 0.484375 0.0109375 0.0640625
8 0.575 0.48203125 0.0140625 0.06171875
8 0.525 0.4859375 0.01328125 0.0703125