0 0.46953125 0.62890625 0.16015625 0.24296875
2 0.2921875 0.68671875 0.03828125 0.03359375
2 0.57265625 0.7390625 0.06171875 0.0515625
2 0.52734375 0.71875 0.01484375 0.0296875
5 0.740625 0.6734375 0.18359375 0.15390625
6 0.28828125 0.128125 0.07578125 0.25546875
6 0.09140625 0.64140625 0.1828125 0.0609375
6 0.6625 0.1828125 0.15859375 0.22578125
6 0.1625 0.24375 0.17109375 0.05
6 0.01640625 0.2421875 0.03203125 0.0515625
6 0.603125 0.6296875 0.11953125 0.05546875
6 0.45859375 0.2703125 0.25703125 0.0546875