0 0.65625 0.42578125 0.125 0.109375
3 0.96796875 0.3796875 0.0296875 0.1078125
3 0.6625 0.1609375 0.07890625 0.2109375
3 0.60546875 0.0640625 0.0671875 0.128125
3 0.8703125 0.20546875 0.06484375 0.1296875
3 0.83828125 0.42734375 0.025 0.09140625
3 0.7484375 0.4859375 0.01640625 0.06953125
3 0.7625 0.490625 0.00859375 0.06484375
3 0.60703125 0.5078125 0.01171875 0.05703125
3 0.6234375 0.49609375 0.0171875 0.0375
3 0.80546875 0.4953125 0.01484375 0.0515625
3 0.82109375 0.46953125 0.01953125 0.09296875
3 0.82578125 0.51953125 0.01796875 0.03671875
3 0.59453125 0.515625 0.01328125 0.04609375