1 0.55 0.41171875 0.071875 0.10546875
0 0.07578125 0.45 0.1515625 0.36796875
3 0.734375 0.515625 0.015625 0.071875
3 0.74921875 0.51875 0.0109375 0.08515625
3 0.7734375 0.5171875 0.00859375 0.08125
3 0.7609375 0.51796875 0.0125 0.09140625
3 0.790625 0.51796875 0.01796875 0.0875
3 0.8140625 0.515625 0.015625 0.0875
3 0.8796875 0.515625 0.0203125 0.10703125
3 0.99375 0.51328125 0.0125 0.1453125
5 0.29375 0.89140625 0.271875 0.2171875
5 0.4078125 0.08125 0.43671875 0.16171875
3 0.90859375 0.55078125 0.015625 0.05390625
4 0.06328125 0.58828125 0.03828125 0.0578125
4 0.0625 0.39921875 0.03671875 0.06640625
4 0.9328125 0.5234375 0.084375 0.175